0.672406 258
0.672263 258
0.672194 257
0.672194 256
0.672085 256
0.67195 256
0.67195 255
0.67195 254
0.671819 254
0.671727 253
0.671571 253
0.671571 252
0.671409 252
0.671281 252
0.671142 252
0.671085 251
0.671085 250
0.670933 250
0.670933 249
0.670933 248
0.670824 248
0.670824 247
0.6707 247
0.6707 246
0.670615 245
0.670615 244
0.670472 244
0.670344 244
0.670212 244
0.670068 244
0.669925 244
0.669925 243
0.669925 242
0.669925 241
0.669925 240
0.669925 239
0.669925 238
0.669802 238
0.669687 238
0.669687 237
0.669687 236
0.669687 235
0.669687 234
0.669687 233
0.669687 232
0.669546 232
0.669422 232
0.669271 232
0.669156 232
0.669156 231
0.669156 230
0.669156 229
0.669023 229
0.668922 229
0.668792 229
0.668676 229
0.668676 228
0.668676 227
0.668676 226
0.668676 225
0.668565 225
0.668565 224
0.668565 223
0.668565 222
0.66846 222
0.66846 221
0.668324 221
0.668324 220
0.668324 219
0.668175 219
0.668175 218
0.668035 218
0.667942 217
0.667942 216
0.667942 215
0.667942 214
0.66787 213
0.66771 213
0.66771 212
0.667557 212
0.667557 211
0.667413 211
0.667306 211
0.667154 211
0.667154 210
0.66708 209
0.66708 208
0.667013 207
0.667013 206
0.667013 205
0.667013 204
0.66689 204
0.666755 204
0.666679 203
0.666593 202
0.666474 202
0.666474 201
0.666474 200
0.666322 200
0.666214 200
0.666043 200
0.666043 199
0.665902 199
0.665902 198
0.665749 198
0.665591 198
0.665591 197
0.665591 196
0.665578 196
0.665578 195
0.665474 195
0.665336 195
0.665226 195
0.665226 194
0.665108 194
0.665108 193
0.665003 193
0.664884 193
0.664884 192
0.664884 191
0.664884 190
0.664764 190
0.664626 190
0.664512 190
0.664512 189
0.66439 189
0.66439 188
0.66439 187
0.664239 187
0.664093 187
0.664093 186
0.664093 185
0.664093 184
0.664093 183
0.663969 183
0.663969 182
0.663969 181
0.663969 180
0.66381 180
0.663796 179
0.663666 179
0.663557 179
0.663439 179
0.663439 178
0.663354 177
0.66323 177
0.66323 176
0.66323 175
0.663092 175
0.66299 175
0.6629 174
0.6629 173
0.662747 173
0.662747 172
0.662633 172
0.662517 172
0.662419 172
0.662419 171
0.662419 170
0.662315 170
0.662165 170
0.662047 170
0.661902 170
0.661769 170
0.661618 170
0.66152 170
0.661408 170
0.661297 170
0.661183 170
0.661077 170
0.661077 169
0.660957 169
0.660864 168
0.660706 168
0.660575 168
0.660575 167
0.660472 167
0.660472 166
0.660472 165
0.660349 165
0.660279 164
0.660119 164
0.660119 163
0.660012 163
0.659868 163
0.659724 163
0.659724 162
0.659623 162
0.659623 161
0.659623 160
0.659507 160
0.659411 159
0.659337 158
0.659337 157
0.659185 157
0.659185 156
0.65904 156
0.658987 155
0.658987 154
0.658987 153
0.658855 153
0.658855 152
0.658749 152
0.658749 151
0.658749 150
0.658749 149
0.658629 149
0.658629 148
0.658526 148
0.658443 147
0.658443 146
0.658319 146
0.658319 145
0.658319 144
0.658177 144
0.658049 144
0.657917 144
0.657819 144
0.657819 143
0.657711 143
0.657588 143
0.657508 142
0.657508 141
0.657377 141
0.657257 141
0.657257 140
0.657163 139
0.657163 138
0.657163 137
0.657163 136
0.65703 136
0.656903 136
0.656903 135
0.656748 135
0.656748 134
0.656748 133
0.656668 132
0.656558 132
0.656409 132
0.656276 132
0.656121 132
0.655975 132
0.655826 132
0.655706 132
0.655706 131
0.655577 131
0.655577 130
0.655577 129
0.655433 129
0.655321 129
0.655183 129
0.655183 128
0.655183 127
0.654911 127
0.654772 127
0.654668 127
0.654668 126
0.654521 126
0.654441 125
0.654345 124
0.654221 124
0.654109 124
0.654022 123
0.653932 122
0.653807 122
0.653666 122
0.653666 121
0.653666 120
0.653517 120
0.653517 119
0.653352 119
0.653257 118
0.653132 118
0.652981 118
0.652859 118
0.652802 117
0.652802 116
0.65265 116
0.65265 115
0.652539 115
0.652539 114
0.652383 114
0.652383 113
0.652269 113
0.652173 112
0.652019 112
0.651868 112
0.651736 112
0.651599 112
0.651472 112
0.651336 112
0.651336 111
0.65123 111
0.651091 111
0.65097 111
0.650829 111
0.650704 111
0.650578 111
0.650578 110
0.650447 110
0.650316 110
0.650199 110
0.650096 110
0.650096 109
0.649957 109
0.649829 109
0.64969 109
0.649551 109
0.6494 109
0.649265 109
0.649265 108
0.649131 108
0.648999 108
0.648876 108
0.648815 107
0.64868 107
0.64868 106
0.648535 106
0.6484 106
0.64827 106
0.64827 105
0.64827 104
0.64827 103
0.648129 103
0.648129 102
0.648129 101
0.64799 101
0.647901 100
0.647901 99
0.647825 98
0.647671 98
0.647517 98
0.647395 98
0.647247 98
0.647117 98
0.647117 97
0.646965 97
0.646881 96
0.646881 95
0.646751 95
0.646611 95
0.646461 95
0.646322 95
0.646322 94
0.646175 94
0.646032 94
0.645875 94
0.64573 94
0.64573 93
0.645594 93
0.645455 93
0.645313 93
0.645313 92
0.645196 92
0.645196 91
0.645061 91
0.644924 91
0.644811 91
0.644667 91
0.644583 90
0.644583 89
0.644583 88
0.644444 88
0.644333 88
0.644199 88
0.644086 88
0.643943 88
0.643943 87
0.643787 87
0.643652 87
0.643554 87
0.643495 86
0.643495 85
0.643364 85
0.643226 85
0.64309 85
0.642965 85
0.642869 84
0.642869 83
0.642869 82
0.642712 82
0.642566 82
0.642421 82
0.642289 82
0.642183 82
0.642183 81
0.642183 80
0.642038 80
0.641893 80
0.641766 80
0.641647 80
0.641516 80
0.641383 80
0.641241 80
0.641241 79
0.641132 79
0.641 79
0.641 78
0.640862 78
0.640715 78
0.640594 78
0.640594 77
0.640594 76
0.640459 76
0.640459 75
0.640325 75
0.640325 74
0.640187 74
0.640109 73
0.639975 73
0.639811 73
0.639679 73
0.639588 72
0.639441 72
0.639291 72
0.639158 72
0.639025 72
0.638893 72
0.638893 71
0.638755 71
0.638627 71
0.638509 71
0.638356 71
0.638206 71
0.638086 71
0.637951 71
0.637863 70
0.637863 69
0.637766 69
0.637615 69
0.637615 68
0.637499 68
0.637363 68
0.637363 67
0.637233 67
0.637101 67
0.636962 67
0.636855 67
0.636699 67
0.636535 67
0.636382 67
0.636284 67
0.636169 67
0.636065 67
0.635918 67
0.635785 67
0.635785 66
0.635628 66
0.635474 66
0.635322 66
0.635322 65
0.635191 65
0.635062 65
0.634917 65
0.634774 65
0.634646 65
0.634485 65
0.634485 64
0.634485 63
0.634371 63
0.634371 62
0.634229 62
0.634076 62
0.633928 62
0.633778 62
0.63367 62
0.633568 62
0.633415 62
0.633275 62
0.633139 62
0.632988 62
0.632848 62
0.632724 62
0.632557 62
0.632404 62
0.632404 61
0.632254 61
0.632072 59
0.631934 59
0.631813 59
0.631675 59
0.63153 59
0.63153 58
0.631389 58
0.631259 58
0.631123 58
0.63105 57
0.630906 57
0.630763 57
0.630627 57
0.63049 57
0.63036 57
0.630242 57
0.630103 57
0.630016 56
0.629896 56
0.629749 56
0.629599 56
0.629499 56
0.629418 55
0.629277 55
0.62915 55
0.629016 55
0.628888 55
0.628756 55
0.628621 55
0.628621 54
0.628475 54
0.628344 54
0.628214 54
0.628214 53
0.628066 53
0.627975 52
0.627841 52
0.627707 52
0.6276 52
0.627462 52
0.627314 52
0.627165 52
0.627025 52
0.62687 52
0.626738 52
0.626598 52
0.626465 52
0.626365 52
0.626217 52
0.626101 52
0.625982 52
0.625855 52
0.62571 52
0.625588 52
0.625446 52
0.625446 51
0.625446 50
0.62532 50
0.625227 49
0.625103 49
0.624952 49
0.624808 49
0.624697 49
0.624573 49
0.624429 49
0.624299 49
0.62423 48
0.624092 48
0.623939 48
0.623939 47
0.623807 47
0.623675 47
0.623554 47
0.623412 47
0.623307 47
0.623166 47
0.623023 47
0.622878 47
0.622743 47
0.622626 47
0.622499 47
0.622352 47
0.622199 47
0.622073 47
0.621925 47
0.621641 47
0.621641 46
0.621641 45
0.621528 45
0.621404 45
0.621252 45
0.621098 45
0.620875 45
0.620875 44
0.620875 43
0.620749 43
0.6206 43
0.620444 43
0.6203 43
0.62017 43
0.62017 42
0.620051 42
0.619913 42
0.619777 42
0.619635 42
0.619515 42
0.619381 42
0.619236 42
0.619097 42
0.619 42
0.618847 42
0.618705 42
0.618555 42
0.618555 41
0.618412 41
0.618412 40
0.618283 40
0.618141 40
0.618011 40
0.617875 40
0.617875 39
0.617722 39
0.617582 39
0.617437 39
0.617298 39
0.617156 39
0.617012 39
0.616879 39
0.616718 39
0.616582 39
0.616439 39
0.616291 39
0.616177 39
0.616177 38
0.616032 38
0.615892 38
0.615768 38
0.615646 38
0.615491 38
0.61537 38
0.615255 38
0.615108 38
0.614965 38
0.614965 37
0.614829 37
0.614725 37
0.614595 37
0.614462 37
0.614332 37
0.614184 37
0.614184 36
0.614052 36
0.613904 36
0.613777 36
0.613777 35
0.613635 35
0.613545 34
0.613444 34
0.613338 34
0.613198 34
0.613198 33
0.613198 32
0.613038 32
0.612915 32
0.612778 32
0.612654 32
0.612496 32
0.612397 32
0.612253 32
0.612129 32
0.611986 32
0.611849 32
0.611713 32
0.611562 32
0.611397 32
0.611314 31
0.611176 31
0.611018 31
0.610883 31
0.610775 31
0.610631 31
0.610491 31
0.610339 31
0.610194 31
0.610194 30
0.610086 30
0.609938 30
0.609796 30
0.60968 30
0.60968 29
0.609554 29
0.609415 29
0.609287 29
0.609163 29
0.609004 29
0.608858 29
0.608727 29
0.608613 29
0.608461 29
0.608305 29
0.608184 29
0.608074 29
0.608074 28
0.607932 28
0.60778 28
0.607641 28
0.607503 28
0.607342 28
0.607342 27
0.607189 27
0.607029 27
0.606887 27
0.606753 27
0.606617 27
0.606464 27
0.606307 27
0.606176 27
0.606043 27
0.6059 27
0.605751 27
0.605635 27
0.605525 27
0.605389 27
0.605252 27
0.60511 27
0.604952 27
0.604952 26
0.604857 25
0.604716 25
0.60459 25
0.604466 25
0.60431 25
0.604183 25
0.60404 25
0.603896 25
0.603746 25
0.603628 25
0.603492 25
0.60335 25
0.603226 25
0.603083 25
0.602931 25
0.602778 25
0.602631 25
0.602537 24
0.602537 23
0.602428 23
0.602292 23
0.602127 23
0.601973 23
0.601824 23
0.601674 23
0.601523 23
0.601384 23
0.601228 23
0.601076 23
0.60093 23
0.60078 23
0.600626 23
0.600493 23
0.600394 23
0.60025 23
0.600107 23
0.599973 23
0.599816 23
0.599686 23
0.599529 23
0.599428 23
0.59927 23
0.59927 22
0.599135 22
0.599006 22
0.598864 22
0.598715 22
0.598614 22
0.598465 22
0.598334 22
0.598208 22
0.598099 22
0.597798 22
0.597653 22
0.597516 22
0.597386 22
0.597222 22
0.597079 22
0.596928 22
0.596799 22
0.596656 22
0.596504 22
0.596369 22
0.596225 22
0.596083 22
0.595957 22
0.595795 22
0.595683 22
0.595528 22
0.595403 22
0.595275 22
0.595118 22
0.594976 22
0.594856 22
0.594716 22
0.594716 21
0.594581 21
0.594435 21
0.594291 21
0.594155 21
0.594002 21
0.59387 21
0.59374 21
0.593602 21
0.593453 21
0.593453 20
0.593304 20
0.593202 20
0.593053 20
0.592916 20
0.592798 20
0.592668 20
0.592528 20
0.592483 19
0.592342 19
0.59223 19
0.592084 19
0.591942 19
0.591813 19
0.591696 19
0.591577 19
0.59144 19
0.5913 19
0.591156 19
0.590995 19
0.59085 19
0.590709 19
0.590709 18
0.590564 18
0.590482 17
0.590333 17
0.590192 17
0.590055 17
0.589924 17
0.589775 17
0.589638 17
0.589487 17
0.589358 17
0.589211 17
0.589076 17
0.588943 17
0.588799 17
0.588657 17
0.588657 16
0.588553 16
0.588429 16
0.588288 16
0.588136 16
0.587993 16
0.587993 15
0.587885 15
0.587737 15
0.587588 15
0.587441 15
0.58732 15
0.587205 15
0.587071 15
0.587071 14
0.586968 14
0.586814 14
0.586685 14
0.586685 13
0.586576 13
0.586426 13
0.586302 13
0.586146 13
0.58599 13
0.585838 13
0.585697 13
0.585589 13
0.585435 13
0.585293 13
0.585155 13
0.584997 13
0.58485 13
0.5847 13
0.584572 13
0.584427 13
0.584295 13
0.584136 13
0.583986 13
0.583844 13
0.583715 13
0.583573 13
0.583416 13
0.583281 13
0.583128 13
0.583 13
0.582865 13
0.582704 13
0.582595 13
0.582465 13
0.582304 13
0.582166 13
0.582025 13
0.581882 13
0.581744 13
0.581602 13
0.581466 13
0.581327 13
0.581202 13
0.581058 13
0.58091 13
0.580773 13
0.580674 13
0.580551 13
0.580405 13
0.580262 13
0.580117 13
0.57998 13
0.579834 13
0.579698 13
0.579577 13
0.579456 13
0.579348 13
0.579212 13
0.579081 13
0.578959 13
0.578832 13
0.578676 13
0.578543 13
0.578454 12
0.578304 12
0.578175 12
0.578027 12
0.577877 12
0.577759 12
0.577626 12
0.57748 12
0.577341 12
0.577216 12
0.577068 12
0.576909 12
0.576776 12
0.576776 11
0.57667 11
0.576521 11
0.576385 11
0.576287 11
0.576287 10
0.576136 10
0.575994 10
0.575859 10
0.57573 10
0.575575 10
0.575428 10
0.575283 10
0.57514 10
0.574998 10
0.574833 10
0.574686 10
0.574548 10
0.574426 10
0.574306 10
0.574163 10
0.574046 10
0.573905 10
0.573775 10
0.57364 10
0.573499 10
0.573388 10
0.57325 10
0.573113 10
0.572999 10
0.572847 10
0.572716 10
0.572567 10
0.572418 10
0.572279 10
0.572138 10
0.572009 10
0.571861 10
0.571745 10
0.571605 10
0.571457 10
0.571308 10
0.571186 10
0.571061 10
0.570919 10
0.57077 10
0.570614 10
0.570456 10
0.570306 10
0.570165 10
0.570053 10
0.569921 10
0.569781 10
0.569625 10
0.569471 10
0.569326 10
0.569205 10
0.569059 10
0.568936 10
0.568791 10
0.568635 10
0.568475 10
0.568475 9
0.568335 9
0.568189 9
0.568047 9
0.5679 9
0.567755 9
0.567603 9
0.567469 9
0.56732 9
0.56719 9
0.567071 9
0.566932 9
0.566792 9
0.56664 9
0.566511 9
0.566403 9
0.566253 9
0.566109 9
0.565954 9
0.565816 9
0.565673 9
0.565546 9
0.565398 9
0.565277 9
0.565147 9
0.564996 9
0.5649 8
0.564758 8
0.564602 8
0.564479 8
0.564321 8
0.564169 8
0.564038 8
0.563898 8
0.563763 8
0.563625 8
0.563499 8
0.563371 8
0.56322 8
0.563081 8
0.562929 8
0.562795 8
0.562654 8
0.562515 8
0.562371 8
0.562226 8
0.562083 8
0.561929 8
0.561772 8
0.561634 8
0.561478 8
0.561335 8
0.561195 8
0.561047 8
0.560917 8
0.560772 8
0.560623 8
0.560504 8
0.560382 8
0.560247 8
0.560122 8
0.55997 8
0.559826 8
0.559687 8
0.559548 8
0.559441 8
0.559302 8
0.559168 8
0.559017 8
0.558896 8
0.558741 8
0.558598 8
0.558458 8
0.558311 8
0.558168 8
0.558028 8
0.557906 8
0.557748 8
0.557618 8
0.557468 8
0.557325 8
0.557168 8
0.557042 8
0.556902 8
0.55675 8
0.556606 8
0.556476 8
0.55633 8
0.556182 8
0.556033 8
0.55589 8
0.555742 8
0.555588 8
0.55547 8
0.555311 8
0.555159 8
0.555025 8
0.554904 8
0.554773 8
0.554625 8
0.554481 8
0.554331 8
0.554181 8
0.55403 8
0.553896 8
0.553763 8
0.553632 8
0.553488 8
0.553332 8
0.553205 8
0.553057 8
0.552903 8
0.552771 8
0.552616 8
0.552481 8
0.552336 8
0.552205 8
0.552055 8
0.551931 8
0.551783 8
0.551654 8
0.551503 8
0.551376 8
0.551376 7
0.551232 7
0.551091 7
0.550926 7
0.550785 7
0.550633 7
0.550611 6
0.550454 6
0.550313 6
0.550157 6
0.550014 6
0.54986 6
0.549721 6
0.549593 6
0.549448 6
0.549297 6
0.54919 6
0.549056 6
0.548902 6
0.548757 6
0.548607 6
0.548455 6
0.548331 6
0.548185 6
0.54804 6
0.547926 6
0.54782 6
0.547667 6
0.54739 6
0.547247 6
0.547103 6
0.546954 6
0.546802 6
0.546689 6
0.546542 6
0.546435 6
0.546282 6
0.546138 6
0.545981 6
0.545844 6
0.545693 6
0.545538 6
0.545412 6
0.545268 6
0.545139 6
0.544986 6
0.544868 6
0.544738 6
0.544596 6
0.544454 6
0.544335 6
0.544183 6
0.544038 6
0.543894 6
0.543739 6
0.543599 6
0.543475 6
0.543339 6
0.543208 6
0.543055 6
0.542917 6
0.542782 6
0.542634 6
0.542517 6
0.542393 6
0.542289 6
0.54215 6
0.541994 6
0.541843 6
0.541698 6
0.541543 6
0.541395 6
0.541267 6
0.541125 6
0.540972 6
0.54082 6
0.540675 6
0.540675 5
0.540543 5
0.540402 5
0.540249 5
0.540099 5
0.539935 5
0.539796 5
0.539649 5
0.539498 5
0.539353 5
0.539223 5
0.539105 5
0.538985 5
0.538826 5
0.538672 5
0.538531 5
0.538531 4
0.538401 4
0.53827 4
0.538117 4
0.537989 4
0.537833 4
0.537694 4
0.537532 4
0.537387 4
0.537255 4
0.537107 4
0.536975 4
0.536822 4
0.536688 4
0.536559 4
0.536429 4
0.536274 4
0.536137 4
0.535998 4
0.535893 4
0.535748 4
0.535646 4
0.535498 4
0.535362 4
0.535247 4
0.535102 4
0.53496 4
0.534816 4
0.534665 4
0.534528 4
0.534367 4
0.534229 4
0.53407 4
0.533915 4
0.533771 4
0.533632 4
0.533489 4
0.533359 4
0.533214 4
0.533067 4
0.53293 4
0.532801 4
0.532656 4
0.532513 4
0.532361 4
0.532212 4
0.532068 4
0.531925 4
0.531785 4
0.531628 4
0.531492 4
0.531349 4
0.531197 4
0.531197 3
0.531049 3
0.530922 3
0.530789 3
0.530647 3
0.530498 3
0.530348 3
0.5302 3
0.530043 3
0.529919 3
0.529764 3
0.529623 3
0.529483 3
0.529338 3
0.529182 3
0.529032 3
0.528888 3
0.528751 3
0.528596 3
0.528447 3
0.528301 3
0.528145 3
0.527987 3
0.527838 3
0.527692 3
0.52755 3
0.527418 3
0.527291 3
0.527155 3
0.526999 3
0.526844 3
0.526698 3
0.526549 3
0.526393 3
0.52624 3
0.526106 3
0.525959 3
0.525806 3
0.525657 3
0.525515 3
0.525367 3
0.525229 3
0.525071 3
0.524923 3
0.524769 3
0.524616 3
0.524469 3
0.524315 3
0.524163 3
0.524035 3
0.523893 3
0.523746 3
0.523599 3
0.523449 3
0.523311 3
0.523174 3
0.523066 3
0.522908 3
0.522752 3
0.522612 3
0.522471 3
0.522328 3
0.522186 3
0.52203 3
0.521887 3
0.521744 3
0.521601 3
0.521463 3
0.521312 3
0.521172 3
0.521012 3
0.520864 3
0.520717 3
0.520566 3
0.520416 3
0.520267 3
0.520111 3
0.519965 3
0.519833 3
0.519689 3
0.519523 3
0.519372 3
0.519251 3
0.519152 3
0.519033 3
0.518883 3
0.518756 3
0.518608 3
0.518454 3
0.518309 3
0.518162 3
0.518038 3
0.517894 3
0.517761 3
0.517632 3
0.517484 3
0.517184 3
0.517038 3
0.516883 3
0.516732 3
0.516591 3
0.516479 3
0.516352 3
0.516236 3
0.516091 3
0.515968 3
0.515847 3
0.515561 3
0.515426 3
0.515305 3
0.515148 3
0.515023 3
0.514868 3
0.514717 3
0.514588 3
0.514442 3
0.51431 3
0.514154 3
0.513995 3
0.51386 3
0.513714 3
0.513566 3
0.513484 2
0.513344 2
0.513205 2
0.513045 2
0.512897 2
0.512749 2
0.512608 2
0.512455 2
0.512303 2
0.512155 2
0.512011 2
0.511869 2
0.51175 2
0.511594 2
0.511448 2
0.511313 2
0.511155 2
0.511012 2
0.510872 2
0.510732 2
0.510591 2
0.510448 2
0.51029 2
0.510147 2
0.510005 2
0.509871 2
0.509731 2
0.509585 2
0.509442 2
0.509299 2
0.509147 2
0.50901 2
0.508884 2
0.508734 2
0.508585 2
0.508459 2
0.508326 2
0.508173 2
0.508021 2
0.507866 2
0.507709 2
0.507587 2
0.507426 2
0.507273 2
0.507125 2
0.506997 2
0.506863 2
0.50671 2
0.506567 2
0.506422 2
0.506289 2
0.506133 2
0.506003 2
0.505855 2
0.505697 2
0.505551 2
0.505263 2
0.505134 2
0.504988 2
0.504835 2
0.504684 2
0.504519 2
0.504396 2
0.504268 2
0.50413 2
0.503983 2
0.503829 2
0.503673 2
0.503541 2
0.503387 2
0.503265 2
0.502983 2
0.502839 2
0.502689 2
0.502541 2
0.50239 2
0.502257 2
0.502104 2
0.501958 2
0.501819 2
0.50166 2
0.501507 2
0.501372 2
0.501219 2
0.501072 2
0.50094 2
0.500788 2
0.500636 2
0.500477 2
0.500338 2
0.500195 2
0.500053 2
0.499902 2
0.499752 2
0.499608 2
0.499459 2
0.4993 2
0.499162 2
0.499022 2
0.498885 2
0.498736 2
0.498596 2
0.498441 2
0.498307 2
0.498179 2
0.49803 2
0.497896 2
0.497749 2
0.497608 2
0.497479 2
0.497339 2
0.497186 2
0.49705 2
0.496916 2
0.496767 2
0.496633 2
0.496482 2
0.496331 2
0.496185 2
0.496037 2
0.495882 2
0.495741 2
0.495603 2
0.495454 2
0.495313 2
0.495182 2
0.495025 2
0.494894 2
0.494753 2
0.494628 2
0.494484 2
0.494337 2
0.49418 2
0.494033 2
0.493901 2
0.493753 2
0.493598 2
0.493456 2
0.493299 2
0.493148 2
0.493007 2
0.492887 2
0.492744 2
0.492642 2
0.49249 2
0.492343 2
0.492194 2
0.492069 2
0.491913 2
0.491765 2
0.491608 2
0.491479 2
0.491331 2
0.491206 2
0.491088 2
0.490937 2
0.490792 2
0.49064 2
0.490507 2
0.490506 1
0.49039 1
0.490239 1
0.490103 1
0.489948 1
0.489799 1
0.489703 0
0.489567 0
0.489423 0
0.489279 0
0.489139 0
0.489006 0
0.488863 0
0.488743 0
0.48861 0
0.488468 0
0.488329 0
0.488181 0
0.488033 0
0.487738 0
0.487585 0
0.487432 0
0.487284 0
0.487147 0
0.486998 0
0.486863 0
0.486714 0
0.486566 0
0.486412 0
0.486282 0
0.486139 0
0.486029 0
0.485878 0
0.485733 0
0.485587 0
0.485433 0
0.485268 0
0.485133 0
0.484982 0
0.48483 0
0.484672 0
0.484515 0
0.484367 0
0.484228 0
0.483933 0
0.4838 0
0.483644 0
0.48349 0
0.483351 0
0.483208 0
0.48308 0
0.482929 0
0.482783 0
0.482644 0
0.482518 0
0.48237 0
0.482223 0
0.482082 0
0.481941 0
0.481813 0
0.48167 0
0.481519 0
0.481362 0
0.481215 0
0.481068 0
0.480923 0
0.480775 0
0.480623 0
0.480509 0
0.480357 0
0.480215 0
0.480064 0
0.479912 0
0.479761 0
0.479637 0
0.479506 0
0.479365 0
0.479226 0
0.479079 0
0.478935 0
0.478788 0
0.478645 0
0.478508 0
0.478373 0
0.478262 0
0.478123 0
0.477978 0
0.477835 0
0.477686 0
0.477538 0
0.477389 0
0.47725 0
0.477091 0
0.476952 0
0.476819 0
0.476677 0
0.476525 0
0.476376 0
0.476223 0
0.476073 0
0.475929 0
0.475772 0
0.475628 0
0.47548 0
0.475336 0
0.475194 0
0.475044 0
0.474891 0
0.474739 0
0.474586 0
0.474454 0
0.474306 0
0.474188 0
0.474037 0
0.473877 0
0.473737 0
0.473589 0
0.473309 0
0.473158 0
0.473008 0
0.472867 0
0.472703 0
0.472553 0
0.472398 0
0.472249 0
0.472103 0
0.471947 0
0.471841 0
0.471699 0
0.471551 0
0.471402 0
0.47126 0
0.471112 0
0.470992 0
0.470842 0
0.470688 0
0.470524 0
0.470383 0
0.470229 0
0.470121 0
0.469967 0
0.46981 0
0.469659 0
0.469517 0
0.469371 0
0.46923 0
0.469087 0
0.468941 0
0.468797 0
0.468651 0
0.468497 0
0.46834 0
0.468207 0
0.468059 0
0.467908 0
0.467772 0
0.467644 0
0.467499 0
0.467373 0
0.467222 0
0.467069 0
0.466936 0
0.466803 0
0.466643 0
0.466502 0
0.466343 0
0.4662 0
0.466045 0
0.465892 0
0.465757 0
0.46561 0
0.465468 0
0.465339 0
0.465203 0
0.465044 0
0.4649 0
0.464771 0
0.464641 0
0.46449 0
0.46436 0
0.464202 0
0.46405 0
0.463898 0
0.463752 0
0.463605 0
0.463454 0
0.46331 0
0.463156 0
0.463022 0
0.462875 0
0.462736 0
0.462582 0
0.462426 0
0.462271 0
0.462122 0
0.461975 0
0.461836 0
0.461692 0
0.461542 0
0.461406 0
0.461279 0
0.461137 0
0.460989 0
0.460844 0
0.460677 0
0.460536 0
0.460415 0
0.460258 0
0.460102 0
0.459954 0
0.459815 0
0.459675 0
0.459532 0
0.459387 0
0.459234 0
0.459086 0
0.45895 0
0.458825 0
0.458697 0
0.458549 0
0.458394 0
0.458252 0
0.458107 0
0.45796 0
0.457813 0
0.457663 0
0.457521 0
0.457382 0
0.457231 0
0.457067 0
0.45678 0
0.456628 0
0.456501 0
0.456357 0
0.456204 0
0.456056 0
0.455908 0
0.45576 0
0.455651 0
0.455502 0
0.455345 0
0.455191 0
0.455051 0
0.454945 0
0.454801 0
0.45465 0
0.454497 0
0.454345 0
0.454228 0
0.454081 0
0.453933 0
0.453779 0
0.453625 0
0.453473 0
0.453324 0
0.453173 0
0.453019 0
0.452871 0
0.452736 0
0.452591 0
0.452443 0
0.452295 0
0.452148 0
0.451996 0
0.451851 0
0.451713 0
0.451561 0
0.451411 0
0.451263 0
0.451124 0
0.450988 0
0.450837 0
0.450572 0
0.450413 0
0.450262 0
0.450109 0
0.449961 0
0.449814 0
0.449666 0
0.449507 0
0.449348 0
0.449204 0
0.449058 0
0.448928 0
0.44878 0
0.44863 0
0.448479 0
0.448333 0
0.448185 0
0.448055 0
0.447922 0
0.447795 0
0.447658 0
0.447507 0
0.447365 0
0.447235 0
0.447091 0
0.446949 0
0.446802 0
0.446656 0
0.446503 0
0.446381 0
0.446236 0
0.446083 0
0.445941 0
0.445791 0
0.445634 0
0.445491 0
0.445347 0
0.445188 0
0.44505 0
0.444896 0
0.444753 0
0.444618 0
0.444461 0
0.444337 0
0.44407 0
0.443928 0
0.443778 0
0.443628 0
0.443478 0
0.443348 0
0.443207 0
0.443059 0
0.442948 0
0.442794 0
0.442642 0
0.44249 0
0.442347 0
0.4422 0
0.442061 0
0.441927 0
0.441779 0
0.44164 0
0.441327 0
0.441188 0
0.441031 0
0.440884 0
0.440735 0
0.440607 0
0.440475 0
0.44031 0
0.440174 0
0.440037 0
0.439882 0
0.439768 0
0.439623 0
0.439496 0
0.439352 0
0.439232 0
0.439087 0
0.438946 0
0.438809 0
0.438668 0
0.438528 0
0.438389 0
0.438239 0
0.438092 0
0.43794 0
0.437817 0
0.437667 0
0.437532 0
0.437362 0
0.437215 0
0.437091 0
0.436952 0
0.436804 0
0.436637 0
0.43649 0
0.436345 0
0.436186 0
0.436047 0
0.435915 0
0.43577 0
0.435633 0
0.435481 0
0.435341 0
0.435203 0
0.435079 0
0.434926 0
0.434786 0
0.434637 0
0.434493 0
0.434353 0
0.434209 0
0.434052 0
0.433923 0
0.433773 0
0.433613 0
0.433453 0
0.433301 0
0.433171 0
0.433018 0
0.432868 0
0.432715 0
0.432569 0
0.432447 0
0.432292 0
0.432158 0
0.432013 0
0.431889 0
0.431756 0
0.431606 0
0.431452 0
0.431299 0
0.431151 0
0.431007 0
0.430879 0
0.430744 0
0.430598 0
0.430455 0
0.430307 0
0.430165 0
0.430012 0
0.429881 0
0.429726 0
0.429586 0
0.429453 0
0.429297 0
0.429163 0
0.429003 0
0.428872 0
0.428727 0
0.42858 0
0.428423 0
0.428286 0
0.428138 0
0.427991 0
0.427853 0
0.427702 0
0.427556 0
0.427404 0
0.427256 0
0.427096 0
0.426953 0
0.42683 0
0.426679 0
0.426531 0
0.42639 0
0.426242 0
0.426093 0
0.425952 0
0.425802 0
0.425678 0
0.425528 0
0.425362 0
0.425224 0
0.425071 0
0.424914 0
0.42462 0
0.424476 0
0.42433 0
0.424182 0
0.424034 0
0.423881 0
0.423576 0
0.423432 0
0.423286 0
0.423137 0
0.42298 0
0.422832 0
0.422677 0
0.422563 0
0.422415 0
0.422271 0
0.422139 0
0.421992 0
0.42186 0
0.421549 0
0.421397 0
0.421258 0
0.421105 0
0.420977 0
0.420844 0
0.420683 0
0.420529 0
0.420388 0
0.420249 0
0.42012 0
0.419978 0
0.419841 0
0.419692 0
0.419546 0
0.419405 0
0.419252 0
0.419123 0
0.418973 0
0.418815 0
0.418668 0
0.41852 0
0.418386 0
0.418237 0
0.418104 0
0.41796 0
0.417807 0
0.417648 0
0.417497 0
0.417345 0
0.417209 0
0.417085 0
0.416935 0
0.416797 0
0.416652 0
0.41651 0
0.416352 0
0.416199 0
0.416065 0
0.41592 0
0.415782 0
0.415677 0
0.415522 0
0.415367 0
0.415223 0
0.414932 0
0.414798 0
0.414508 0
0.414362 0
0.414217 0
0.414071 0
0.413926 0
0.413785 0
0.41364 0
0.413345 0
0.413194 0
0.413048 0
0.412908 0
0.412781 0
0.412639 0
0.412494 0
0.412351 0
0.412216 0
0.412071 0
0.411928 0
0.411777 0
0.411631 0
0.411486 0
0.411346 0
0.41119 0
0.411028 0
0.410758 0
0.410609 0
0.410467 0
0.410341 0
0.410207 0
0.410083 0
0.40993 0
0.409785 0
0.409505 0
0.409349 0
0.409191 0
0.409037 0
0.408892 0
0.408746 0
0.408586 0
0.40845 0
0.408293 0
0.408156 0
0.408023 0
0.40788 0
0.407729 0
0.407589 0
0.407435 0
0.407289 0
0.407151 0
0.407004 0
0.406844 0
0.4067 0
0.406563 0
0.406414 0
0.406269 0
0.406132 0
0.405988 0
0.405715 0
0.405464 0
0.405321 0
0.405166 0
0.405026 0
0.404872 0
0.40473 0
0.404581 0
0.404455 0
0.404154 0
0.404012 0
0.403869 0
0.403743 0
0.403594 0
0.403449 0
0.403163 0
0.403009 0
0.402728 0
0.40244 0
0.402284 0
0.402135 0
0.401974 0
0.401834 0
0.401691 0
0.401543 0
0.401393 0
0.401255 0
0.401106 0
0.400967 0
0.40079 0
0.400649 0
0.400499 0
0.400347 0
0.4002 0
0.399909 0
0.399768 0
0.399619 0
0.39947 0
0.399313 0
0.399165 0
0.399017 0
0.398877 0
0.398719 0
0.398571 0
0.398424 0
0.398279 0
0.398125 0
0.397955 0
0.397819 0
0.397662 0
0.397524 0
0.397379 0
0.397251 0
0.397103 0
0.396968 0
0.396818 0
0.396669 0
0.396525 0
0.396372 0
0.396223 0
0.396076 0
0.39594 0
0.395803 0
0.395512 0
0.395368 0
0.395228 0
0.395085 0
0.394931 0
0.394769 0
0.394612 0
0.394464 0
0.394319 0
0.394172 0
0.394029 0
0.393891 0
0.393744 0
0.393583 0
0.393449 0
0.393139 0
0.392998 0
0.392865 0
0.39271 0
0.392558 0
0.392415 0
0.392291 0
0.392145 0
0.391978 0
0.391826 0
0.391674 0
0.391543 0
0.391386 0
0.391249 0
0.391085 0
0.390945 0
0.390819 0
0.39066 0
0.390519 0
0.390377 0
0.390221 0
0.390069 0
0.38993 0
0.389775 0
0.389626 0
0.389484 0
0.389336 0
0.389181 0
0.389023 0
0.388883 0
0.388763 0
0.388611 0
0.388457 0
0.388319 0
0.388165 0
0.388018 0
0.387895 0
0.387759 0
0.387626 0
0.387497 0
0.387209 0
0.387056 0
0.386907 0
0.386754 0
0.386598 0
0.386312 0
0.386163 0
0.386022 0
0.385877 0
0.385741 0
0.385607 0
0.38548 0
0.385327 0
0.385188 0
0.385054 0
0.384903 0
0.384745 0
0.384584 0
0.384455 0
0.384307 0
0.384156 0
0.384009 0
0.383858 0
0.3837 0
0.383555 0
0.383405 0
0.38326 0
0.383117 0
0.38296 0
0.382837 0
0.382696 0
0.382399 0
0.382251 0
0.38211 0
0.381963 0
0.381658 0
0.38154 0
0.381397 0
0.381243 0
0.381106 0
0.380981 0
0.380826 0
0.380686 0
0.380535 0
0.380398 0
0.380252 0
0.380125 0
0.379978 0
0.379833 0
0.379684 0
0.379547 0
0.379398 0
0.379254 0
0.37897 0
0.378831 0
0.378685 0
0.378552 0
0.378401 0
0.378266 0
0.37812 0
0.377969 0
0.377833 0
0.377703 0
0.377543 0
0.377393 0
0.377106 0
0.376798 0
0.376663 0
0.376524 0
0.376368 0
0.376221 0
0.376081 0
0.375937 0
0.375797 0
0.375656 0
0.375516 0
0.375367 0
0.375215 0
0.375084 0
0.374943 0
0.374804 0
0.374669 0
0.37453 0
0.374398 0
0.374246 0
0.374104 0
0.373947 0
0.373798 0
0.373489 0
0.373347 0
0.373201 0
0.372903 0
0.372776 0
0.37264 0
0.372485 0
0.372338 0
0.372203 0
0.372057 0
0.371908 0
0.371749 0
0.37159 0
0.371443 0
0.37129 0
0.371121 0
0.370976 0
0.370824 0
0.370671 0
0.370529 0
0.370389 0
0.370235 0
0.370095 0
0.369943 0
0.369797 0
0.369661 0
0.369527 0
0.369387 0
0.369257 0
0.36912 0
0.368976 0
0.368826 0
0.368679 0
0.368396 0
0.368258 0
0.368117 0
0.367971 0
0.367812 0
0.367679 0
0.367543 0
0.367255 0
0.3671 0
0.366953 0
0.366827 0
0.366676 0
0.366517 0
0.366371 0
0.366073 0
0.365944 0
0.365792 0
0.365646 0
0.365343 0
0.365207 0
0.364908 0
0.364786 0
0.364641 0
0.364512 0
0.364367 0
0.364213 0
0.364079 0
0.363944 0
0.363815 0
0.363669 0
0.363537 0
0.363395 0
0.363268 0
0.3631 0
0.362825 0
0.362686 0
0.362546 0
0.362387 0
0.362249 0
0.361944 0
0.361791 0
0.361641 0
0.361338 0
0.361194 0
0.361041 0
0.360753 0
0.360606 0
0.360457 0
0.360323 0
0.360171 0
0.35987 0
0.359567 0
0.359415 0
0.359275 0
0.359144 0
0.359007 0
0.35887 0
0.358718 0
0.358435 0
0.35828 0
0.358131 0
0.357994 0
0.357846 0
0.357547 0
0.357383 0
0.357243 0
0.357102 0
0.356956 0
0.356808 0
0.356532 0
0.356386 0
0.356245 0
0.356101 0
0.355964 0
0.355677 0
0.35552 0
0.355383 0
0.355236 0
0.355127 0
0.354977 0
0.354836 0
0.354558 0
0.354421 0
0.354268 0
0.354128 0
0.353979 0
0.353844 0
0.353693 0
0.353417 0
0.353276 0
0.353141 0
0.352992 0
0.35285 0
0.352698 0
0.352557 0
0.35241 0
0.352256 0
0.352131 0
0.351859 0
0.351715 0
0.351426 0
0.351121 0
0.350976 0
0.350835 0
0.350692 0
0.35055 0
0.35016 0
0.350018 0
0.349713 0
0.349567 0
0.349418 0
0.349276 0
0.349123 0
0.348978 0
0.348848 0
0.348567 0
0.348434 0
0.348151 0
0.348031 0
0.347898 0
0.347742 0
0.34761 0
0.347474 0
0.347323 0
0.347179 0
0.347035 0
0.346891 0
0.346757 0
0.346622 0
0.346483 0
0.346331 0
0.34618 0
0.346042 0
0.3459 0
0.345762 0
0.345612 0
0.345491 0
0.345201 0
0.34506 0
0.344902 0
0.344756 0
0.344606 0
0.344455 0
0.344311 0
0.344159 0
0.344002 0
0.343703 0
0.343563 0
0.343431 0
0.343281 0
0.343132 0
0.342983 0
0.342834 0
0.342691 0
0.342544 0
0.342395 0
0.34224 0
0.342087 0
0.34181 0
0.341675 0
0.341525 0
0.341388 0
0.341244 0
0.341095 0
0.340951 0
0.340806 0
0.340646 0
0.340498 0
0.340197 0
0.34007 0
0.339919 0
0.339782 0
0.339639 0
0.339491 0
0.339355 0
0.339217 0
0.339079 0
0.338929 0
0.338787 0
0.338514 0
0.338378 0
0.338228 0
0.338083 0
0.337951 0
0.3378 0
0.337649 0
0.337499 0
0.337354 0
0.337206 0
0.336908 0
0.336769 0
0.336626 0
0.336339 0
0.336183 0
0.336043 0
0.335891 0
0.335745 0
0.335604 0
0.335452 0
0.335303 0
0.33516 0
0.335008 0
0.334847 0
0.334703 0
0.334559 0
0.334262 0
0.33411 0
0.333967 0
0.333841 0
0.333695 0
0.333543 0
0.33312 0
0.332825 0
0.332674 0
0.332541 0
0.332391 0
0.332241 0
0.332088 0
0.331978 0
0.331859 0
0.331716 0
0.331566 0
0.331416 0
0.331266 0
0.331116 0
0.330963 0
0.330811 0
0.330664 0
0.330523 0
0.330381 0
0.33023 0
0.330102 0
0.329823 0
0.329527 0
0.329391 0
0.329252 0
0.329107 0
0.328957 0
0.328799 0
0.328655 0
0.328498 0
0.328352 0
0.328199 0
0.328046 0
0.327903 0
0.327757 0
0.327458 0
0.32731 0
0.327153 0
0.327003 0
0.32686 0
0.326706 0
0.32657 0
0.326428 0
0.326295 0
0.326147 0
0.325993 0
0.325838 0
0.325709 0
0.325424 0
0.325133 0
0.324986 0
0.324832 0
0.32469 0
0.324554 0
0.324402 0
0.324281 0
0.324117 0
0.323971 0
0.323829 0
0.323692 0
0.323552 0
0.323417 0
0.32326 0
0.323116 0
0.322962 0
0.322819 0
0.322674 0
0.322531 0
0.322394 0
0.322271 0
0.321818 0
0.32166 0
0.32153 0
0.321389 0
0.321247 0
0.320819 0
0.320685 0
0.32055 0
0.320401 0
0.32014 0
0.320008 0
0.319857 0
0.319716 0
0.319573 0
0.319263 0
0.318996 0
0.318699 0
0.318552 0
0.318402 0
0.318244 0
0.318098 0
0.317956 0
0.317807 0
0.317652 0
0.317513 0
0.317383 0
0.317243 0
0.317094 0
0.316945 0
0.316651 0
0.316497 0
0.316364 0
0.316212 0
0.31606 0
0.315911 0
0.31578 0
0.315629 0
0.315479 0
0.315339 0
0.315194 0
0.315039 0
0.314742 0
0.314592 0
0.314442 0
0.314294 0
0.314139 0
0.313856 0
0.313564 0
0.313396 0
0.313241 0
0.31309 0
0.31295 0
0.312516 0
0.312382 0
0.312234 0
0.311946 0
0.311795 0
0.311656 0
0.311509 0
0.311069 0
0.310933 0
0.310654 0
0.31036 0
0.310217 0
0.310073 0
0.309779 0
0.309497 0
0.309352 0
0.309226 0
0.309067 0
0.30892 0
0.308788 0
0.308641 0
0.308505 0
0.308385 0
0.308109 0
0.30796 0
0.307661 0
0.307523 0
0.307367 0
0.307216 0
0.306773 0
0.306485 0
0.30634 0
0.306213 0
0.306061 0
0.305913 0
0.305764 0
0.30561 0
0.305465 0
0.305154 0
0.305006 0
0.304863 0
0.304725 0
0.304581 0
0.304434 0
0.304276 0
0.304148 0
0.304007 0
0.303762 0
0.303616 0
0.303484 0
0.303345 0
0.303193 0
0.303052 0
0.302909 0
0.302758 0
0.302615 0
0.302329 0
0.302181 0
0.302035 0
0.301883 0
0.301732 0
0.301444 0
0.301294 0
0.301139 0
0.300983 0
0.300831 0
0.30054 0
0.300386 0
0.300101 0
0.299961 0
0.299822 0
0.299545 0
0.299259 0
0.299102 0
0.298665 0
0.298517 0
0.298367 0
0.298073 0
0.297921 0
0.297774 0
0.297622 0
0.297362 0
0.297062 0
0.296925 0
0.296645 0
0.296351 0
0.296207 0
0.296068 0
0.295915 0
0.29563 0
0.29549 0
0.295345 0
0.295197 0
0.29504 0
0.294892 0
0.294753 0
0.294606 0
0.294468 0
0.294323 0
0.294171 0
0.294029 0
0.293879 0
0.293731 0
0.293588 0
0.293447 0
0.293304 0
0.293159 0
0.293014 0
0.292723 0
0.29244 0
0.292148 0
0.292003 0
0.291853 0
0.291716 0
0.29141 0
0.29127 0
0.290987 0
0.290696 0
0.290561 0
0.290406 0
0.290251 0
0.290112 0
0.28997 0
0.28968 0
0.289537 0
0.289412 0
0.289261 0
0.289144 0
0.289008 0
0.288852 0
0.288714 0
0.288575 0
0.28831 0
0.288166 0
0.288011 0
0.287861 0
0.287708 0
0.287563 0
0.28728 0
0.287148 0
0.286993 0
0.286835 0
0.28669 0
0.28639 0
0.286253 0
0.286121 0
0.285841 0
0.285687 0
0.285391 0
0.285266 0
0.28511 0
0.284971 0
0.284826 0
0.284547 0
0.284398 0
0.284242 0
0.283962 0
0.283829 0
0.283685 0
0.283531 0
0.28339 0
0.283112 0
0.282819 0
0.282531 0
0.282255 0
0.282118 0
0.281823 0
0.281693 0
0.281573 0
0.281419 0
0.281277 0
0.281128 0
0.280981 0
0.280839 0
0.280692 0
0.280548 0
0.280397 0
0.279981 0
0.279835 0
0.279683 0
0.279542 0
0.279402 0
0.279104 0
0.278981 0
0.278837 0
0.278686 0
0.278538 0
0.278384 0
0.27824 0
0.277951 0
0.277653 0
0.277512 0
0.277402 0
0.277256 0
0.277101 0
0.276959 0
0.276527 0
0.276377 0
0.276083 0
0.275974 0
0.275833 0
0.275532 0
0.275385 0
0.275246 0
0.275098 0
0.274941 0
0.274801 0
0.27467 0
0.274393 0
0.274241 0
0.274098 0
0.273831 0
0.273681 0
0.273393 0
0.273245 0
0.273101 0
0.272944 0
0.27279 0
0.272489 0
0.272353 0
0.272204 0
0.272062 0
0.271911 0
0.271779 0
0.271622 0
0.271327 0
0.271182 0
0.270903 0
0.270759 0
0.270468 0
0.270334 0
0.270054 0
0.269762 0
0.269467 0
0.26932 0
0.269168 0
0.269016 0
0.268867 0
0.268723 0
0.268589 0
0.268439 0
0.268287 0
0.268129 0
0.267987 0
0.267838 0
0.26772 0
0.267584 0
0.267443 0
0.267296 0
0.267143 0
0.267004 0
0.26685 0
0.266707 0
0.266566 0
0.266425 0
0.265975 0
0.265525 0
0.265376 0
0.265069 0
0.264943 0
0.26479 0
0.264634 0
0.264484 0
0.264342 0
0.264182 0
0.264029 0
0.263595 0
0.263302 0
0.263178 0
0.263028 0
0.262885 0
0.262737 0
0.262603 0
0.262457 0
0.262309 0
0.262169 0
0.261885 0
0.261748 0
0.261459 0
0.261177 0
0.26103 0
0.260875 0
0.260718 0
0.260572 0
0.260432 0
0.260284 0
0.26014 0
0.260007 0
0.259852 0
0.2597 0
0.259552 0
0.25941 0
0.259118 0
0.258829 0
0.258689 0
0.258545 0
0.258404 0
0.257962 0
0.257813 0
0.25766 0
0.257524 0
0.257375 0
0.25709 0
0.256957 0
0.256803 0
0.256665 0
0.256516 0
0.256087 0
0.25595 0
0.255803 0
0.255655 0
0.255511 0
0.255365 0
0.255063 0
0.25491 0
0.254614 0
0.25431 0
0.254174 0
0.253892 0
0.253448 0
0.253307 0
0.253169 0
0.253032 0
0.252878 0
0.252732 0
0.252584 0
0.252444 0
0.252153 0
0.252001 0
0.251859 0
0.251706 0
0.251571 0
0.251437 0
0.251149 0
0.250993 0
0.250847 0
0.250395 0
0.250261 0
0.250114 0
0.249954 0
0.249812 0
0.249657 0
0.249379 0
0.249248 0
0.248954 0
0.248657 0
0.24851 0
0.248372 0
0.248095 0
0.24781 0
0.247664 0
0.247513 0
0.247224 0
0.246935 0
0.246503 0
0.246348 0
0.246193 0
0.246041 0
0.245744 0
0.245283 0
0.244984 0
0.244544 0
0.244388 0
0.244243 0
0.244089 0
0.243941 0
0.243649 0
0.243515 0
0.243365 0
0.243212 0
0.243079 0
0.242785 0
0.242482 0
0.242335 0
0.242185 0
0.242029 0
0.24188 0
0.241154 0
0.241003 0
0.240858 0
0.24071 0
0.240567 0
0.240423 0
0.240288 0
0.240135 0
0.239846 0
0.23956 0
0.239284 0
0.239133 0
0.238993 0
0.238871 0
0.238717 0
0.238448 0
0.238009 0
0.237867 0
0.237722 0
0.23757 0
0.237272 0
0.237142 0
0.236992 0
0.236698 0
0.236558 0
0.236262 0
0.236108 0
0.235962 0
0.235818 0
0.235386 0
0.235246 0
0.235099 0
0.234944 0
0.234639 0
0.234495 0
0.234346 0
0.233883 0
0.233723 0
0.233446 0
0.232988 0
0.232838 0
0.232698 0
0.232547 0
0.232406 0
0.232114 0
0.231821 0
0.231661 0
0.231366 0
0.231219 0
0.231069 0
0.230926 0
0.230627 0
0.230478 0
0.230325 0
0.230177 0
0.229875 0
0.229719 0
0.229276 0
0.229122 0
0.228994 0
0.228699 0
0.228552 0
0.228401 0
0.228247 0
0.228102 0
0.227957 0
0.22781 0
0.2275 0
0.227241 0
0.227105 0
0.226809 0
0.225944 0
0.225787 0
0.225348 0
0.225053 0
0.224913 0
0.224772 0
0.224535 0
0.224242 0
0.224105 0
0.22355 0
0.223254 0
0.222968 0
0.222846 0
0.222412 0
0.222284 0
0.222161 0
0.221721 0
0.221425 0
0.221133 0
0.221002 0
0.220732 0
0.220584 0
0.220437 0
0.220146 0
0.219852 0
0.219562 0
0.219269 0
0.218968 0
0.218832 0
0.218533 0
0.218394 0
0.218254 0
0.217957 0
0.217665 0
0.217382 0
0.217243 0
0.217099 0
0.216952 0
0.216804 0
0.216349 0
0.216212 0
0.216061 0
0.215922 0
0.215636 0
0.215493 0
0.215063 0
0.214623 0
0.21448 0
0.214345 0
0.213774 0
0.213625 0
0.213476 0
0.213333 0
0.213181 0
0.212903 0
0.212751 0
0.212617 0
0.212008 0
0.211722 0
0.211136 0
0.210702 0
0.210552 0
0.210256 0
0.21011 0
0.209956 0
0.209802 0
0.209489 0
0.209197 0
0.208788 0
0.208485 0
0.208179 0
0.208026 0
0.207881 0
0.20773 0
0.207444 0
0.207289 0
0.206978 0
0.206833 0
0.206693 0
0.206402 0
0.206107 0
0.205821 0
0.205666 0
0.205522 0
0.205375 0
0.205103 0
0.204982 0
0.204837 0
0.204553 0
0.204241 0
0.203929 0
0.203793 0
0.203499 0
0.203347 0
0.203056 0
0.202764 0
0.202463 0
0.202313 0
0.202162 0
0.201727 0
0.201579 0
0.200982 0
0.200682 0
0.20039 0
0.200091 0
0.199935 0
0.199644 0
0.199495 0
0.199202 0
0.198906 0
0.198757 0
0.198611 0
0.198463 0
0.198313 0
0.197724 0
0.197574 0
0.197422 0
0.197274 0
0.197126 0
0.196841 0
0.196544 0
0.196399 0
0.196258 0
0.196124 0
0.195738 0
0.195581 0
0.195427 0
0.194984 0
0.194839 0
0.194683 0
0.194252 0
0.193978 0
0.193831 0
0.193691 0
0.193101 0
0.192967 0
0.19282 0
0.192376 0
0.19222 0
0.191804 0
0.191362 0
0.191203 0
0.190461 0
0.190323 0
0.190176 0
0.190037 0
0.189887 0
0.18973 0
0.189573 0
0.189126 0
0.188829 0
0.18855 0
0.188255 0
0.188114 0
0.187811 0
0.18767 0
0.187537 0
0.187384 0
0.186955 0
0.186827 0
0.186529 0
0.186377 0
0.185805 0
0.185237 0
0.184661 0
0.18452 0
0.184248 0
0.183818 0
0.183241 0
0.182491 0
0.182205 0
0.181912 0
0.181765 0
0.181618 0
0.181032 0
0.180885 0
0.18074 0
0.180449 0
0.180023 0
0.179612 0
0.179306 0
0.178873 0
0.178721 0
0.178426 0
0.177968 0
0.17768 0
0.177532 0
0.177395 0
0.176966 0
0.176683 0
0.176387 0
0.175954 0
0.175797 0
0.175355 0
0.174443 0
0.174037 0
0.173885 0
0.17375 0
0.173306 0
0.173151 0
0.172859 0
0.17271 0
0.17213 0
0.171847 0
0.171708 0
0.171262 0
0.171108 0
0.170963 0
0.170398 0
0.170269 0
0.169962 0
0.169673 0
0.169534 0
0.16909 0
0.168818 0
0.168521 0
0.168059 0
0.167774 0
0.167342 0
0.16705 0
0.16674 0
0.166595 0
0.16617 0
0.165587 0
0.165433 0
0.16515 0
0.164856 0
0.164428 0
0.163979 0
0.163689 0
0.163539 0
0.163101 0
0.162661 0
0.161929 0
0.161787 0
0.161632 0
0.161334 0
0.161066 0
0.160181 0
0.159893 0
0.159756 0
0.159606 0
0.15947 0
0.159176 0
0.158306 0
0.157728 0
0.157435 0
0.157159 0
0.156606 0
0.156005 0
0.155143 0
0.154992 0
0.154846 0
0.154551 0
0.154095 0
0.153508 0
0.153065 0
0.152774 0
0.152476 0
0.152044 0
0.151746 0
0.151301 0
0.150872 0
0.150582 0
0.150289 0
0.150155 0
0.149592 0
0.149307 0
0.148864 0
0.148709 0
0.148558 0
0.147966 0
0.147825 0
0.147403 0
0.146992 0
0.145689 0
0.144507 0
0.144348 0
0.143515 0
0.14337 0
0.143062 0
0.142624 0
0.142185 0
0.141898 0
0.141487 0
0.141032 0
0.140732 0
0.140597 0
0.140447 0
0.139862 0
0.139151 0
0.138712 0
0.137969 0
0.137375 0
0.136662 0
0.136517 0
0.136103 0
0.135958 0
0.135392 0
0.135116 0
0.134518 0
0.134088 0
0.133791 0
0.13351 0
0.132779 0
0.13206 0
0.131484 0
0.130875 0
0.130122 0
0.129836 0
0.129287 0
0.129005 0
0.1287 0
0.128262 0
0.127825 0
0.127524 0
0.127378 0
0.126061 0
0.125218 0
0.124795 0
0.124204 0
0.122889 0
0.121883 0
0.121147 0
0.120583 0
0.119856 0
0.119154 0
0.119002 0
0.11812 0
0.117667 0
0.117247 0
0.11668 0
0.116071 0
0.115612 0
0.11531 0
0.11474 0
0.114316 0
0.113294 0
0.112551 0
0.112093 0
0.111658 0
0.110217 0
0.108932 0
0.107617 0
0.10664 0
0.106049 0
0.105051 0
0.104612 0
0.103879 0
0.103293 0
0.10273 0
0.101845 0
0.101391 0
0.100811 0
0.0999457 0
0.0992076 0
0.0985972 0
0.097882 0
0.0965752 0
0.0953995 0
0.09322 0
0.0917902 0
0.091046 0
0.08945 0
0.0887061 0
0.0878218 0
0.0869523 0
0.0860866 0
0.0850723 0
0.0833056 0
0.0825783 0
0.0809842 0
0.0798206 0
0.0783672 0
0.0770237 0
0.0759976 0
0.0738317 0
0.0725047 0
0.0705778 0
0.0693811 0
0.0676488 0
0.0659144 0
0.0645943 0
0.0628299 0
0.0601783 0
0.0574472 0
0.0552264 0
0.0525861 0
0.0503031 0
0.0455088 0
0.0425496 0
0.0395526 0
0.0355105 0
0.033237 0
0.0272371 0
0.0200062 0
0.0120813 0
0 0
