0.90234 258 0.400299
0.902147 258 0.400352
0.902147 257 0.400604
0.902147 256 0.401543
0.901953 256 0.402436
0.90176 256 0.403182
0.90176 255 0.404082
0.90176 254 0.404207
0.901566 254 0.404602
0.901566 253 0.405028
0.901373 253 0.40504
0.901373 252 0.405679
0.90118 252 0.405768
0.900986 252 0.406221
0.900793 252 0.406537
0.900793 251 0.40659
0.900793 250 0.408978
0.900599 250 0.409484
0.900599 249 0.409781
0.900599 248 0.410868
0.900406 248 0.411035
0.900406 247 0.411757
0.900213 247 0.412438
0.900213 246 0.412706
0.900213 245 0.414152
0.900213 244 0.414386
0.900019 244 0.41589
0.899826 244 0.418501
0.899633 244 0.418925
0.899439 244 0.418981
0.899246 244 0.419251
0.899246 243 0.420681
0.899246 242 0.420934
0.899246 241 0.42134
0.899246 240 0.421386
0.899246 239 0.421657
0.899246 238 0.421978
0.899052 238 0.422055
0.898859 238 0.422288
0.898859 237 0.422314
0.898859 236 0.422489
0.898859 235 0.422597
0.898859 234 0.423134
0.898859 233 0.423922
0.898859 232 0.424117
0.898666 232 0.424181
0.898472 232 0.424816
0.898279 232 0.42483
0.898085 232 0.42497
0.898085 231 0.425323
0.898085 230 0.42559
0.898085 229 0.427824
0.897892 229 0.428325
0.897699 229 0.428551
0.897505 229 0.428951
0.897312 229 0.429089
0.897312 228 0.429291
0.897312 227 0.430643
0.897312 226 0.430685
0.897312 225 0.430854
0.897119 225 0.431811
0.897119 224 0.433907
0.897119 223 0.433962
0.897119 222 0.434832
0.896925 222 0.435177
0.896925 221 0.436696
0.896732 221 0.436775
0.896732 220 0.436919
0.896732 219 0.437108
0.896538 219 0.439944
0.896538 218 0.440236
0.896345 218 0.440563
0.896345 217 0.440675
0.896345 216 0.441227
0.896345 215 0.442451
0.896345 214 0.443078
0.896345 213 0.443192
0.896152 213 0.443435
0.896152 212 0.444474
0.895958 212 0.444935
0.895958 211 0.445243
0.895765 211 0.446492
0.895571 211 0.447248
0.895378 211 0.44822
0.895378 210 0.449917
0.895378 209 0.450949
0.895378 208 0.452489
0.895378 207 0.452741
0.895378 206 0.452793
0.895378 205 0.4544
0.895378 204 0.455303
0.895185 204 0.455696
0.894991 204 0.455716
0.894991 203 0.456385
0.894991 202 0.457479
0.894798 202 0.458654
0.894798 201 0.458896
0.894798 200 0.45939
0.894605 200 0.459687
0.894411 200 0.459924
0.894218 200 0.461104
0.894218 199 0.461939
0.894024 199 0.462481
0.894024 198 0.462923
0.893831 198 0.463177
0.893638 198 0.463251
0.893638 197 0.464223
0.893638 196 0.464735
0.893444 196 0.464856
0.893444 195 0.465915
0.893251 195 0.467738
0.893057 195 0.47401
0.892864 195 0.474086
0.892864 194 0.474564
0.892671 194 0.47614
0.892671 193 0.477199
0.892477 193 0.478511
0.892284 193 0.479061
0.892284 192 0.479326
0.892284 191 0.482857
0.892284 190 0.485221
0.892091 190 0.485317
0.891897 190 0.486192
0.891704 190 0.486321
0.891704 189 0.486797
0.89151 189 0.486944
0.89151 188 0.487455
0.89151 187 0.488089
0.891317 187 0.488382
0.891124 187 0.488446
0.891124 186 0.489351
0.891124 185 0.489718
0.891124 184 0.490153
0.891124 183 0.490195
0.89093 183 0.490763
0.89093 182 0.490783
0.89093 181 0.491157
0.89093 180 0.491186
0.890737 180 0.491475
0.890737 179 0.491497
0.890543 179 0.491611
0.89035 179 0.493056
0.890157 179 0.493624
0.890157 178 0.493638
0.890157 177 0.493687
0.889963 177 0.494072
0.889963 176 0.49425
0.889963 175 0.494885
0.88977 175 0.49521
0.889576 175 0.497307
0.889576 174 0.497939
0.889576 173 0.498296
0.889383 173 0.498306
0.889383 172 0.498584
0.88919 172 0.499241
0.888996 172 0.499322
0.888803 172 0.499908
0.888803 171 0.500554
0.888803 170 0.501754
0.88861 170 0.502518
0.888416 170 0.503469
0.888223 170 0.505133
0.888029 170 0.506338
0.887836 170 0.506504
0.887643 170 0.507061
0.887449 170 0.507349
0.887256 170 0.50762
0.887062 170 0.5079
0.886869 170 0.508498
0.886676 170 0.509025
0.886676 169 0.510721
0.886482 169 0.511909
0.886482 168 0.51199
0.886289 168 0.512173
0.886096 168 0.512278
0.886096 167 0.512418
0.885902 167 0.512879
0.885902 166 0.513591
0.885902 165 0.515983
0.885709 165 0.516174
0.885709 164 0.516946
0.885515 164 0.517805
0.885515 163 0.517868
0.885322 163 0.518914
0.885129 163 0.51908
0.884935 163 0.519241
0.884935 162 0.51961
0.884742 162 0.520477
0.884742 161 0.52097
0.884742 160 0.521199
0.884548 160 0.521438
0.884548 159 0.52145
0.884548 158 0.521966
0.884548 157 0.522478
0.884355 157 0.522788
0.884355 156 0.523105
0.884162 156 0.524511
0.884162 155 0.525258
0.884162 154 0.525525
0.884162 153 0.526468
0.883968 153 0.527438
0.883968 152 0.527823
0.883775 152 0.527883
0.883775 151 0.528144
0.883775 150 0.528181
0.883775 149 0.528403
0.883582 149 0.528854
0.883582 148 0.529517
0.883388 148 0.529723
0.883388 147 0.530293
0.883388 146 0.530481
0.883195 146 0.530899
0.883195 145 0.531226
0.883195 144 0.531445
0.883001 144 0.53152
0.882808 144 0.533349
0.882615 144 0.534068
0.882421 144 0.537562
0.882421 143 0.537833
0.882228 143 0.537935
0.882034 143 0.540891
0.882034 142 0.542399
0.882034 141 0.542515
0.881841 141 0.542599
0.881648 141 0.544006
0.881648 140 0.544384
0.881648 139 0.544748
0.881648 138 0.546827
0.881648 137 0.548401
0.881648 136 0.548656
0.881454 136 0.549038
0.881261 136 0.54914
0.881261 135 0.549853
0.881067 135 0.549973
0.881067 134 0.550273
0.881067 133 0.551911
0.881067 132 0.552955
0.880874 132 0.553269
0.880681 132 0.554296
0.880487 132 0.555554
0.880294 132 0.555648
0.880101 132 0.555652
0.879907 132 0.556043
0.879714 132 0.556666
0.879714 131 0.556966
0.87952 131 0.556977
0.87952 130 0.558852
0.87952 129 0.559385
0.879327 129 0.559637
0.879134 129 0.559723
0.87894 129 0.561497
0.87894 128 0.561522
0.87894 127 0.561667
0.878553 127 0.56177
0.87836 127 0.56299
0.878167 127 0.563222
0.878167 126 0.563235
0.877973 126 0.565709
0.877973 125 0.566213
0.877973 124 0.567032
0.87778 124 0.567282
0.877587 124 0.568072
0.877587 123 0.569311
0.877587 122 0.569494
0.877393 122 0.569553
0.8772 122 0.570298
0.8772 121 0.572416
0.8772 120 0.57428
0.877006 120 0.575503
0.877006 119 0.576304
0.876813 119 0.577327
0.876813 118 0.577783
0.87662 118 0.578234
0.876426 118 0.578726
0.876233 118 0.579211
0.876233 117 0.57946
0.876233 116 0.580359
0.876039 116 0.581455
0.876039 115 0.582897
0.875846 115 0.582919
0.875846 114 0.584533
0.875653 114 0.584687
0.875653 113 0.586897
0.875459 113 0.588277
0.875459 112 0.588732
0.875266 112 0.591271
0.875073 112 0.59301
0.874879 112 0.593173
0.874686 112 0.593256
0.874492 112 0.593447
0.874299 112 0.594063
0.874299 111 0.594348
0.874106 111 0.594452
0.873912 111 0.594854
0.873719 111 0.595303
0.873525 111 0.596638
0.873332 111 0.597836
0.873139 111 0.598209
0.873139 110 0.598917
0.872945 110 0.599333
0.872752 110 0.599603
0.872558 110 0.601166
0.872365 110 0.601247
0.872365 109 0.603038
0.872172 109 0.603495
0.871978 109 0.603959
0.871785 109 0.606031
0.871592 109 0.606034
0.871398 109 0.606062
0.871205 109 0.607436
0.871205 108 0.608022
0.871011 108 0.609196
0.870818 108 0.60942
0.870625 108 0.609809
0.870625 107 0.609944
0.870431 107 0.612744
0.870431 106 0.612889
0.870238 106 0.612929
0.870044 106 0.613175
0.869851 106 0.613178
0.869851 105 0.613947
0.869851 104 0.615175
0.869851 103 0.61579
0.869658 103 0.616472
0.869658 102 0.616765
0.869658 101 0.617383
0.869464 101 0.617988
0.869464 100 0.618991
0.869464 99 0.61922
0.869464 98 0.619861
0.869271 98 0.620126
0.869078 98 0.621301
0.868884 98 0.623738
0.868691 98 0.624332
0.868497 98 0.625528
0.868497 97 0.626972
0.868304 97 0.627721
0.868304 96 0.628498
0.868304 95 0.628782
0.868111 95 0.631302
0.867917 95 0.632558
0.867724 95 0.633759
0.86753 95 0.634396
0.86753 94 0.636161
0.867337 94 0.636246
0.867144 94 0.639201
0.86695 94 0.639876
0.866757 94 0.640543
0.866757 93 0.641587
0.866564 93 0.642637
0.86637 93 0.642933
0.866177 93 0.645606
0.866177 92 0.645831
0.865983 92 0.646516
0.865983 91 0.646544
0.86579 91 0.646563
0.865597 91 0.646759
0.865403 91 0.64689
0.86521 91 0.647427
0.86521 90 0.647873
0.86521 89 0.647986
0.86521 88 0.649209
0.865016 88 0.649436
0.864823 88 0.650102
0.86463 88 0.650172
0.864436 88 0.651163
0.864243 88 0.651417
0.864243 87 0.651914
0.86405 87 0.65248
0.863856 87 0.652724
0.863663 87 0.652771
0.863663 86 0.652928
0.863663 85 0.65344
0.863469 85 0.653592
0.863276 85 0.653688
0.863083 85 0.654232
0.862889 85 0.654868
0.862889 84 0.655167
0.862889 83 0.656571
0.862889 82 0.659041
0.862696 82 0.659858
0.862502 82 0.660884
0.862309 82 0.662418
0.862116 82 0.663572
0.861922 82 0.66407
0.861922 81 0.66425
0.861922 80 0.664418
0.861729 80 0.66506
0.861535 80 0.665098
0.861342 80 0.665815
0.861149 80 0.66769
0.860955 80 0.668191
0.860762 80 0.668593
0.860569 80 0.67058
0.860569 79 0.671588
0.860375 79 0.671635
0.860182 79 0.672343
0.860182 78 0.672688
0.859988 78 0.672832
0.859795 78 0.67373
0.859602 78 0.674393
0.859602 77 0.674925
0.859602 76 0.674933
0.859408 76 0.675295
0.859408 75 0.676548
0.859215 75 0.677553
0.859215 74 0.678491
0.859021 74 0.678833
0.859021 73 0.679471
0.858828 73 0.679559
0.858635 73 0.680622
0.858441 73 0.680672
0.858441 72 0.681027
0.858248 72 0.682078
0.858055 72 0.682214
0.857861 72 0.682314
0.857668 72 0.682964
0.857474 72 0.683065
0.857474 71 0.684149
0.857281 71 0.68438
0.857088 71 0.684462
0.856894 71 0.687336
0.856701 71 0.688641
0.856507 71 0.688646
0.856314 71 0.688658
0.856121 71 0.688811
0.856121 70 0.690371
0.856121 69 0.691162
0.855927 69 0.691207
0.855734 69 0.691277
0.855734 68 0.691298
0.855541 68 0.691969
0.855347 68 0.691985
0.855347 67 0.693848
0.855154 67 0.694238
0.85496 67 0.694526
0.854767 67 0.694712
0.854574 67 0.694849
0.85438 67 0.695108
0.854187 67 0.69529
0.853993 67 0.696014
0.8538 67 0.697444
0.853607 67 0.697516
0.853413 67 0.698006
0.85322 67 0.699257
0.853026 67 0.699584
0.853026 66 0.700792
0.852833 66 0.701074
0.85264 66 0.701505
0.852446 66 0.701559
0.852446 65 0.702942
0.852253 65 0.703097
0.85206 65 0.703937
0.851866 65 0.703993
0.851673 65 0.70426
0.851479 65 0.704948
0.851286 65 0.70533
0.851286 64 0.705345
0.851286 63 0.705486
0.851093 63 0.706807
0.851093 62 0.708749
0.850899 62 0.712749
0.850706 62 0.713066
0.850512 62 0.713172
0.850319 62 0.713359
0.850126 62 0.714121
0.849932 62 0.715136
0.849739 62 0.715809
0.849546 62 0.716067
0.849352 62 0.717735
0.849159 62 0.717818
0.848965 62 0.718492
0.848772 62 0.719274
0.848579 62 0.719297
0.848385 62 0.719595
0.848385 61 0.719909
0.848192 61 0.720837
0.848192 59 0.720936
0.847998 59 0.72107
0.847805 59 0.722924
0.847612 59 0.724622
0.847418 59 0.726565
0.847418 58 0.727696
0.847225 58 0.728546
0.847032 58 0.729079
0.846838 58 0.730171
0.846838 57 0.730883
0.846645 57 0.730915
0.846451 57 0.731207
0.846258 57 0.731911
0.846065 57 0.733427
0.845871 57 0.733643
0.845678 57 0.733743
0.845484 57 0.734789
0.845484 56 0.735348
0.845291 56 0.735573
0.845098 56 0.735632
0.844904 56 0.737059
0.844711 56 0.737762
0.844711 55 0.738525
0.844518 55 0.739636
0.844324 55 0.739793
0.844131 55 0.739893
0.843937 55 0.740595
0.843744 55 0.741608
0.843551 55 0.742709
0.843551 54 0.742872
0.843357 54 0.743186
0.843164 54 0.745089
0.84297 54 0.745347
0.84297 53 0.745668
0.842777 53 0.746154
0.842777 52 0.746403
0.842584 52 0.746944
0.84239 52 0.748731
0.842197 52 0.748872
0.842003 52 0.74909
0.84181 52 0.750091
0.841617 52 0.750286
0.841423 52 0.750513
0.84123 52 0.750697
0.841037 52 0.751308
0.840843 52 0.751931
0.84065 52 0.7529
0.840456 52 0.753637
0.840263 52 0.75387
0.84007 52 0.754874
0.839876 52 0.756347
0.839683 52 0.757484
0.839489 52 0.757651
0.839296 52 0.757659
0.839103 52 0.758442
0.839103 51 0.759218
0.839103 50 0.763558
0.838909 50 0.763779
0.838909 49 0.764273
0.838716 49 0.764528
0.838523 49 0.76533
0.838329 49 0.766021
0.838136 49 0.766271
0.837942 49 0.766681
0.837749 49 0.767599
0.837556 49 0.767831
0.837556 48 0.768089
0.837362 48 0.769107
0.837169 48 0.769833
0.837169 47 0.770056
0.836975 47 0.770212
0.836782 47 0.771054
0.836589 47 0.771349
0.836395 47 0.771406
0.836202 47 0.771695
0.836009 47 0.771794
0.835815 47 0.772506
0.835622 47 0.772543
0.835428 47 0.772592
0.835235 47 0.773385
0.835042 47 0.774945
0.834848 47 0.775487
0.834655 47 0.775647
0.834461 47 0.776189
0.834268 47 0.776396
0.833881 47 0.77664
0.833881 46 0.778249
0.833881 45 0.779632
0.833688 45 0.779672
0.833494 45 0.7797
0.833301 45 0.779876
0.833108 45 0.779997
0.832721 45 0.780336
0.832721 44 0.780925
0.832721 43 0.782076
0.832528 43 0.783133
0.832334 43 0.785197
0.832141 43 0.785748
0.831947 43 0.786023
0.831754 43 0.786054
0.831754 42 0.786838
0.831561 42 0.786971
0.831367 42 0.787482
0.831174 42 0.787698
0.83098 42 0.788379
0.830787 42 0.791846
0.830594 42 0.793792
0.8304 42 0.794511
0.830207 42 0.795243
0.830014 42 0.795441
0.82982 42 0.795871
0.829627 42 0.796612
0.829433 42 0.796761
0.829433 41 0.796811
0.82924 41 0.796838
0.82924 40 0.796873
0.829047 40 0.796899
0.828853 40 0.798832
0.82866 40 0.798956
0.828466 40 0.799533
0.828466 39 0.799675
0.828273 39 0.800786
0.82808 39 0.801398
0.827886 39 0.801445
0.827693 39 0.802988
0.8275 39 0.803909
0.827306 39 0.804129
0.827113 39 0.804445
0.826919 39 0.805237
0.826726 39 0.805483
0.826533 39 0.806391
0.826339 39 0.806395
0.826146 39 0.806403
0.826146 38 0.806999
0.825952 38 0.807435
0.825759 38 0.808887
0.825566 38 0.808968
0.825372 38 0.809186
0.825179 38 0.809218
0.824985 38 0.810538
0.824792 38 0.811094
0.824599 38 0.811157
0.824405 38 0.812155
0.824405 37 0.812946
0.824212 37 0.813307
0.824019 37 0.813414
0.823825 37 0.813746
0.823632 37 0.81389
0.823438 37 0.814174
0.823245 37 0.815221
0.823245 36 0.816173
0.823052 36 0.817081
0.822858 36 0.817322
0.822665 36 0.817406
0.822665 35 0.817496
0.822471 35 0.818245
0.822471 34 0.818708
0.822278 34 0.818919
0.822085 34 0.818969
0.821891 34 0.819288
0.821891 33 0.819434
0.821891 32 0.82045
0.821698 32 0.820528
0.821505 32 0.82072
0.821311 32 0.820756
0.821118 32 0.821028
0.820924 32 0.821679
0.820731 32 0.821766
0.820538 32 0.821858
0.820344 32 0.822315
0.820151 32 0.823706
0.819957 32 0.824509
0.819764 32 0.825954
0.819571 32 0.826519
0.819377 32 0.82699
0.819377 31 0.828336
0.819184 31 0.828649
0.818991 31 0.828832
0.818797 31 0.82962
0.818604 31 0.830103
0.81841 31 0.830141
0.818217 31 0.830318
0.818024 31 0.830435
0.81783 31 0.831054
0.81783 30 0.831102
0.817637 30 0.83138
0.817443 30 0.831763
0.81725 30 0.832546
0.817057 30 0.832761
0.817057 29 0.833955
0.816863 29 0.834087
0.81667 29 0.834873
0.816477 29 0.83527
0.816283 29 0.835489
0.81609 29 0.835695
0.815896 29 0.83608
0.815703 29 0.836259
0.81551 29 0.83716
0.815316 29 0.837559
0.815123 29 0.838912
0.814929 29 0.838972
0.814736 29 0.840243
0.814736 28 0.840832
0.814543 28 0.842202
0.814349 28 0.843362
0.814156 28 0.843504
0.813962 28 0.843615
0.813769 28 0.844074
0.813769 27 0.845368
0.813576 27 0.845697
0.813382 27 0.845795
0.813189 27 0.847266
0.812996 27 0.848467
0.812802 27 0.848742
0.812609 27 0.848841
0.812415 27 0.849524
0.812222 27 0.850612
0.812029 27 0.850742
0.811835 27 0.851321
0.811642 27 0.851346
0.811448 27 0.852071
0.811255 27 0.85214
0.811062 27 0.852392
0.810868 27 0.853232
0.810675 27 0.853352
0.810482 27 0.853974
0.810482 26 0.854429
0.810482 25 0.854508
0.810288 25 0.854824
0.810095 25 0.854844
0.809901 25 0.854874
0.809708 25 0.85509
0.809515 25 0.855239
0.809321 25 0.855428
0.809128 25 0.856189
0.808934 25 0.856475
0.808741 25 0.857116
0.808548 25 0.857503
0.808354 25 0.857737
0.808161 25 0.858208
0.807968 25 0.858696
0.807774 25 0.858961
0.807581 25 0.859405
0.807387 25 0.859515
0.807387 24 0.859826
0.807387 23 0.859982
0.807194 23 0.860096
0.807001 23 0.860559
0.806807 23 0.860586
0.806614 23 0.860727
0.80642 23 0.860902
0.806227 23 0.86119
0.806034 23 0.861217
0.80584 23 0.861255
0.805647 23 0.861776
0.805453 23 0.862046
0.80526 23 0.862195
0.805067 23 0.862352
0.804873 23 0.862593
0.80468 23 0.862653
0.804487 23 0.863078
0.804293 23 0.863169
0.8041 23 0.863275
0.803906 23 0.864283
0.803713 23 0.864388
0.80352 23 0.864427
0.803326 23 0.864831
0.803133 23 0.864857
0.802939 23 0.86492
0.802939 22 0.866152
0.802746 22 0.866196
0.802553 22 0.866623
0.802359 22 0.86682
0.802166 22 0.866913
0.801973 22 0.867036
0.801779 22 0.867165
0.801586 22 0.867264
0.801392 22 0.86746
0.801199 22 0.867774
0.800812 22 0.867801
0.800619 22 0.868144
0.800425 22 0.868238
0.800232 22 0.86843
0.800039 22 0.868963
0.799845 22 0.868985
0.799652 22 0.869437
0.799459 22 0.869488
0.799265 22 0.86968
0.799072 22 0.870345
0.798878 22 0.870766
0.798685 22 0.871322
0.798492 22 0.871492
0.798298 22 0.871705
0.798105 22 0.872396
0.797911 22 0.872578
0.797718 22 0.872722
0.797525 22 0.872929
0.797331 22 0.873062
0.797138 22 0.873083
0.796944 22 0.873088
0.796751 22 0.873114
0.796558 22 0.873191
0.796558 21 0.873432
0.796364 21 0.873467
0.796171 21 0.873722
0.795978 21 0.873986
0.795784 21 0.874193
0.795591 21 0.874277
0.795397 21 0.87445
0.795204 21 0.875435
0.795011 21 0.875521
0.794817 21 0.87554
0.794817 20 0.875623
0.794624 20 0.876094
0.79443 20 0.876104
0.794237 20 0.87653
0.794044 20 0.876673
0.79385 20 0.877103
0.793657 20 0.877336
0.793464 20 0.877517
0.793464 19 0.87845
0.79327 19 0.878569
0.793077 19 0.878744
0.792883 19 0.879173
0.79269 19 0.879189
0.792497 19 0.879262
0.792303 19 0.879427
0.79211 19 0.87969
0.791916 19 0.879859
0.791723 19 0.879965
0.79153 19 0.880534
0.791336 19 0.880561
0.791143 19 0.880735
0.79095 19 0.880892
0.79095 18 0.88099
0.790756 18 0.881311
0.790756 17 0.881655
0.790563 17 0.882047
0.790369 17 0.882096
0.790176 17 0.882916
0.789983 17 0.883053
0.789789 17 0.883104
0.789596 17 0.88317
0.789402 17 0.884005
0.789209 17 0.884206
0.789016 17 0.884891
0.788822 17 0.88524
0.788629 17 0.885416
0.788436 17 0.885505
0.788242 17 0.886078
0.788242 16 0.886547
0.788049 16 0.886619
0.787855 16 0.887064
0.787662 16 0.887477
0.787469 16 0.887536
0.787275 16 0.887613
0.787275 15 0.887672
0.787082 15 0.88833
0.786888 15 0.888331
0.786695 15 0.889222
0.786502 15 0.889255
0.786308 15 0.889603
0.786115 15 0.889695
0.785921 15 0.889822
0.785921 14 0.890047
0.785728 14 0.89017
0.785535 14 0.890863
0.785341 14 0.892141
0.785341 13 0.892281
0.785148 13 0.89259
0.784955 13 0.892824
0.784761 13 0.892883
0.784568 13 0.893172
0.784374 13 0.893561
0.784181 13 0.893599
0.783988 13 0.893737
0.783794 13 0.893971
0.783601 13 0.893992
0.783407 13 0.894088
0.783214 13 0.894186
0.783021 13 0.894193
0.782827 13 0.894309
0.782634 13 0.894527
0.782441 13 0.894625
0.782247 13 0.894652
0.782054 13 0.894885
0.78186 13 0.895515
0.781667 13 0.895708
0.781474 13 0.896256
0.78128 13 0.896697
0.781087 13 0.896898
0.780893 13 0.896942
0.7807 13 0.897139
0.780507 13 0.897291
0.780313 13 0.89735
0.78012 13 0.897556
0.779927 13 0.897618
0.779733 13 0.897828
0.77954 13 0.898198
0.779346 13 0.898367
0.779153 13 0.898495
0.77896 13 0.898602
0.778766 13 0.898643
0.778573 13 0.8987
0.778379 13 0.899075
0.778186 13 0.899159
0.777993 13 0.900029
0.777799 13 0.900191
0.777606 13 0.900245
0.777412 13 0.90091
0.777219 13 0.901526
0.777026 13 0.901568
0.776832 13 0.902956
0.776639 13 0.903328
0.776446 13 0.903439
0.776252 13 0.903628
0.776059 13 0.903679
0.775865 13 0.904055
0.775672 13 0.904272
0.775479 13 0.90521
0.775285 13 0.905276
0.775092 13 0.905809
0.774898 13 0.905811
0.774705 13 0.905819
0.774512 13 0.906452
0.774318 13 0.906534
0.774125 13 0.907026
0.773932 13 0.907123
0.773932 12 0.907307
0.773738 12 0.907533
0.773545 12 0.907601
0.773351 12 0.90764
0.773158 12 0.907927
0.772965 12 0.908751
0.772771 12 0.908918
0.772578 12 0.909027
0.772384 12 0.909183
0.772191 12 0.909324
0.771998 12 0.909454
0.771804 12 0.909606
0.771611 12 0.909926
0.771611 11 0.910027
0.771418 11 0.910045
0.771224 11 0.91018
0.771031 11 0.910268
0.770837 11 0.910323
0.770837 10 0.911128
0.770644 10 0.911357
0.770451 10 0.911609
0.770257 10 0.91192
0.770064 10 0.912027
0.76987 10 0.912056
0.769677 10 0.912076
0.769484 10 0.912147
0.76929 10 0.912563
0.769097 10 0.912802
0.768904 10 0.913163
0.76871 10 0.913307
0.768517 10 0.913555
0.768323 10 0.913718
0.76813 10 0.913759
0.767937 10 0.914173
0.767743 10 0.914535
0.76755 10 0.91478
0.767356 10 0.91512
0.767163 10 0.91521
0.76697 10 0.915217
0.766776 10 0.915417
0.766583 10 0.915436
0.766389 10 0.915661
0.766196 10 0.916278
0.766003 10 0.916348
0.765809 10 0.916561
0.765616 10 0.916837
0.765423 10 0.917175
0.765229 10 0.917407
0.765036 10 0.917537
0.764842 10 0.917587
0.764649 10 0.917818
0.764456 10 0.91782
0.764262 10 0.917961
0.764069 10 0.918127
0.763875 10 0.918709
0.763682 10 0.918788
0.763489 10 0.918919
0.763295 10 0.919855
0.763102 10 0.919971
0.762909 10 0.92005
0.762715 10 0.920275
0.762522 10 0.920298
0.762328 10 0.920464
0.762135 10 0.920987
0.761942 10 0.921277
0.761748 10 0.921379
0.761555 10 0.921531
0.761361 10 0.922093
0.761168 10 0.922101
0.760975 10 0.922516
0.760781 10 0.92275
0.760588 10 0.922882
0.760395 10 0.922883
0.760201 10 0.922931
0.760008 10 0.923182
0.760008 9 0.923234
0.759814 9 0.923626
0.759621 9 0.923746
0.759428 9 0.923859
0.759234 9 0.924351
0.759041 9 0.924558
0.758847 9 0.924753
0.758654 9 0.924815
0.758461 9 0.924863
0.758267 9 0.924931
0.758074 9 0.925856
0.75788 9 0.925919
0.757687 9 0.926065
0.757494 9 0.926348
0.7573 9 0.926754
0.757107 9 0.927067
0.756914 9 0.927103
0.75672 9 0.927119
0.756527 9 0.927315
0.756333 9 0.927501
0.75614 9 0.927577
0.755947 9 0.927583
0.755753 9 0.927601
0.75556 9 0.927675
0.755366 9 0.927802
0.755173 9 0.927866
0.755173 8 0.928127
0.75498 8 0.928163
0.754786 8 0.928451
0.754593 8 0.928498
0.7544 8 0.928543
0.754206 8 0.928546
0.754013 8 0.928666
0.753819 8 0.928803
0.753626 8 0.928907
0.753433 8 0.928962
0.753239 8 0.929023
0.753046 8 0.929391
0.752852 8 0.929503
0.752659 8 0.930403
0.752466 8 0.930506
0.752272 8 0.930747
0.752079 8 0.930958
0.751886 8 0.931106
0.751692 8 0.93117
0.751499 8 0.931427
0.751305 8 0.931435
0.751112 8 0.931683
0.750919 8 0.931899
0.750725 8 0.932398
0.750532 8 0.932687
0.750338 8 0.933013
0.750145 8 0.933108
0.749952 8 0.933118
0.749758 8 0.933149
0.749565 8 0.933404
0.749371 8 0.933742
0.749178 8 0.933795
0.748985 8 0.933903
0.748791 8 0.933965
0.748598 8 0.934231
0.748405 8 0.934238
0.748211 8 0.934278
0.748018 8 0.934311
0.747824 8 0.934535
0.747631 8 0.934681
0.747438 8 0.934758
0.747244 8 0.934844
0.747051 8 0.934875
0.746857 8 0.935239
0.746664 8 0.935515
0.746471 8 0.935588
0.746277 8 0.935616
0.746084 8 0.935625
0.745891 8 0.935905
0.745697 8 0.936378
0.745504 8 0.936381
0.74531 8 0.936708
0.745117 8 0.936771
0.744924 8 0.936921
0.74473 8 0.937004
0.744537 8 0.937062
0.744343 8 0.937118
0.74415 8 0.937141
0.743957 8 0.937196
0.743763 8 0.937204
0.74357 8 0.937599
0.743377 8 0.937632
0.743183 8 0.937656
0.74299 8 0.93768
0.742796 8 0.937741
0.742603 8 0.937901
0.74241 8 0.937995
0.742216 8 0.938111
0.742023 8 0.938305
0.741829 8 0.938539
0.741636 8 0.938604
0.741443 8 0.938626
0.741249 8 0.938784
0.741056 8 0.938914
0.740863 8 0.939164
0.740669 8 0.939231
0.740476 8 0.939268
0.740282 8 0.939421
0.740089 8 0.939435
0.739896 8 0.939675
0.739702 8 0.939818
0.739509 8 0.939988
0.739315 8 0.940022
0.739122 8 0.940054
0.738929 8 0.940529
0.738735 8 0.940775
0.738542 8 0.940819
0.738348 8 0.940843
0.738155 8 0.940968
0.737962 8 0.941267
0.737768 8 0.941366
0.737575 8 0.942355
0.737382 8 0.942362
0.737188 8 0.942431
0.736995 8 0.94268
0.736801 8 0.942823
0.736608 8 0.942852
0.736608 7 0.942952
0.736415 7 0.94304
0.736221 7 0.943234
0.736028 7 0.94327
0.735834 7 0.943288
0.735641 7 0.943318
0.735641 6 0.943323
0.735448 6 0.943694
0.735254 6 0.943734
0.735061 6 0.943936
0.734868 6 0.944096
0.734674 6 0.944144
0.734481 6 0.944173
0.734287 6 0.944253
0.734094 6 0.944377
0.733901 6 0.94446
0.733707 6 0.944495
0.733514 6 0.94455
0.73332 6 0.944707
0.733127 6 0.944985
0.732934 6 0.945015
0.73274 6 0.945036
0.732547 6 0.945124
0.732354 6 0.94514
0.73216 6 0.945141
0.731967 6 0.945539
0.731773 6 0.945564
0.73158 6 0.945575
0.731193 6 0.945595
0.731 6 0.945597
0.730806 6 0.945651
0.730613 6 0.945777
0.73042 6 0.945964
0.730226 6 0.946511
0.730033 6 0.94663
0.729839 6 0.946787
0.729646 6 0.947027
0.729453 6 0.947134
0.729259 6 0.947236
0.729066 6 0.94739
0.728873 6 0.947574
0.728679 6 0.947615
0.728486 6 0.947618
0.728292 6 0.947639
0.728099 6 0.947712
0.727906 6 0.947794
0.727712 6 0.948116
0.727519 6 0.948193
0.727325 6 0.948429
0.727132 6 0.948832
0.726939 6 0.94906
0.726745 6 0.94924
0.726552 6 0.949293
0.726359 6 0.949389
0.726165 6 0.949455
0.725972 6 0.949569
0.725778 6 0.949572
0.725585 6 0.949589
0.725392 6 0.950395
0.725198 6 0.95047
0.725005 6 0.950691
0.724811 6 0.95078
0.724618 6 0.950806
0.724425 6 0.951222
0.724231 6 0.951227
0.724038 6 0.951377
0.723845 6 0.951513
0.723651 6 0.951532
0.723458 6 0.9516
0.723264 6 0.951616
0.723071 6 0.951637
0.722878 6 0.951996
0.722684 6 0.952023
0.722491 6 0.952505
0.722297 6 0.952539
0.722104 6 0.95273
0.721911 6 0.952732
0.721911 5 0.952857
0.721717 5 0.952872
0.721524 5 0.952916
0.72133 5 0.952953
0.721137 5 0.953036
0.720944 5 0.953167
0.72075 5 0.953327
0.720557 5 0.953533
0.720364 5 0.953621
0.72017 5 0.953718
0.719977 5 0.953727
0.719783 5 0.953735
0.71959 5 0.95375
0.719397 5 0.953791
0.719203 5 0.953826
0.71901 5 0.953872
0.71901 4 0.953893
0.718816 4 0.954
0.718623 4 0.954001
0.71843 4 0.954441
0.718236 4 0.954575
0.718043 4 0.954611
0.71785 4 0.954612
0.717656 4 0.954626
0.717463 4 0.954682
0.717269 4 0.95472
0.717076 4 0.954721
0.716883 4 0.954782
0.716689 4 0.954799
0.716496 4 0.95495
0.716302 4 0.95501
0.716109 4 0.955074
0.715916 4 0.955081
0.715722 4 0.95567
0.715529 4 0.955704
0.715336 4 0.956254
0.715142 4 0.956324
0.714949 4 0.956503
0.714755 4 0.956724
0.714562 4 0.95677
0.714369 4 0.956817
0.714175 4 0.956823
0.713982 4 0.95685
0.713788 4 0.956913
0.713595 4 0.956921
0.713402 4 0.957005
0.713208 4 0.957007
0.713015 4 0.95705
0.712822 4 0.957111
0.712628 4 0.957292
0.712435 4 0.957511
0.712241 4 0.957732
0.712048 4 0.95778
0.711855 4 0.957801
0.711661 4 0.957811
0.711468 4 0.958009
0.711274 4 0.958202
0.711081 4 0.958238
0.710888 4 0.958304
0.710694 4 0.95832
0.710501 4 0.95842
0.710307 4 0.958446
0.710114 4 0.95853
0.709921 4 0.958906
0.709727 4 0.958922
0.709534 4 0.959052
0.709341 4 0.959189
0.709147 4 0.959197
0.708954 4 0.959335
0.708954 3 0.959421
0.70876 3 0.959478
0.708567 3 0.959698
0.708374 3 0.95971
0.70818 3 0.959871
0.707987 3 0.959977
0.707793 3 0.959997
0.7076 3 0.960039
0.707407 3 0.96021
0.707213 3 0.960337
0.70702 3 0.960473
0.706827 3 0.960519
0.706633 3 0.96068
0.70644 3 0.960932
0.706246 3 0.960952
0.706053 3 0.961004
0.70586 3 0.961008
0.705666 3 0.961134
0.705473 3 0.961227
0.705279 3 0.961236
0.705086 3 0.96125
0.704893 3 0.961303
0.704699 3 0.961486
0.704506 3 0.961527
0.704313 3 0.961543
0.704119 3 0.961725
0.703926 3 0.962044
0.703732 3 0.962351
0.703539 3 0.962527
0.703346 3 0.962614
0.703152 3 0.962771
0.702959 3 0.962831
0.702765 3 0.962942
0.702572 3 0.962979
0.702379 3 0.96301
0.702185 3 0.963089
0.701992 3 0.963107
0.701798 3 0.963138
0.701605 3 0.963224
0.701412 3 0.963304
0.701218 3 0.963387
0.701025 3 0.963431
0.700832 3 0.963438
0.700638 3 0.963504
0.700445 3 0.963544
0.700251 3 0.963711
0.700058 3 0.963736
0.699865 3 0.963771
0.699671 3 0.963926
0.699478 3 0.964039
0.699284 3 0.964103
0.699091 3 0.964165
0.698898 3 0.964259
0.698704 3 0.964352
0.698511 3 0.964585
0.698318 3 0.96461
0.698124 3 0.964704
0.697931 3 0.965024
0.697737 3 0.965026
0.697544 3 0.965046
0.697351 3 0.965068
0.697157 3 0.965145
0.696964 3 0.965198
0.69677 3 0.965279
0.696577 3 0.965451
0.696384 3 0.965537
0.69619 3 0.965631
0.695997 3 0.965718
0.695804 3 0.966396
0.69561 3 0.966465
0.695417 3 0.966492
0.695223 3 0.966563
0.69503 3 0.966568
0.694837 3 0.966852
0.694643 3 0.96692
0.69445 3 0.967017
0.694256 3 0.967043
0.694063 3 0.967077
0.69387 3 0.967117
0.693676 3 0.967183
0.693483 3 0.967349
0.693289 3 0.967416
0.693096 3 0.967418
0.692903 3 0.967477
0.692709 3 0.967666
0.692516 3 0.967812
0.692323 3 0.967918
0.692129 3 0.967974
0.691936 3 0.968012
0.691742 3 0.968036
0.691549 3 0.968098
0.691356 3 0.968109
0.691162 3 0.968216
0.690969 3 0.968361
0.690775 3 0.968391
0.690582 3 0.96844
0.690195 3 0.968459
0.690002 3 0.968606
0.689809 3 0.968705
0.689615 3 0.968713
0.689422 3 0.968715
0.689228 3 0.968764
0.689035 3 0.9688
0.688842 3 0.968813
0.688648 3 0.968912
0.688455 3 0.968939
0.688261 3 0.968977
0.687875 3 0.969015
0.687681 3 0.96903
0.687488 3 0.969047
0.687295 3 0.969061
0.687101 3 0.969096
0.686908 3 0.969107
0.686714 3 0.969322
0.686521 3 0.96933
0.686328 3 0.969378
0.686134 3 0.969589
0.685941 3 0.969831
0.685747 3 0.969863
0.685554 3 0.969919
0.685361 3 0.969934
0.685167 3 0.970061
0.685167 2 0.970124
0.684974 2 0.970431
0.684781 2 0.970447
0.684587 2 0.970537
0.684394 2 0.97059
0.6842 2 0.970603
0.684007 2 0.970666
0.683814 2 0.97083
0.68362 2 0.970835
0.683427 2 0.971015
0.683233 2 0.971174
0.68304 2 0.971232
0.682847 2 0.971259
0.682653 2 0.971286
0.68246 2 0.971383
0.682266 2 0.971562
0.682073 2 0.971765
0.68188 2 0.971777
0.681686 2 0.971909
0.681493 2 0.971965
0.6813 2 0.971966
0.681106 2 0.972034
0.680913 2 0.972043
0.680719 2 0.972109
0.680526 2 0.972137
0.680333 2 0.972273
0.680139 2 0.972295
0.679946 2 0.97237
0.679752 2 0.972514
0.679559 2 0.972623
0.679366 2 0.972661
0.679172 2 0.972669
0.678979 2 0.97273
0.678786 2 0.972796
0.678592 2 0.972869
0.678399 2 0.973055
0.678205 2 0.973146
0.678012 2 0.973258
0.677819 2 0.973314
0.677625 2 0.973341
0.677432 2 0.973354
0.677238 2 0.973381
0.677045 2 0.973398
0.676852 2 0.973451
0.676658 2 0.973607
0.676465 2 0.973663
0.676272 2 0.973702
0.676078 2 0.973712
0.675885 2 0.973913
0.675691 2 0.97397
0.675498 2 0.974008
0.675305 2 0.974069
0.675111 2 0.974159
0.674918 2 0.974206
0.674724 2 0.974341
0.674531 2 0.974342
0.674144 2 0.974346
0.673951 2 0.974348
0.673757 2 0.974375
0.673564 2 0.974422
0.673371 2 0.97444
0.673177 2 0.974543
0.672984 2 0.974645
0.672791 2 0.974706
0.672597 2 0.974883
0.672404 2 0.975078
0.67221 2 0.975138
0.672017 2 0.975143
0.671824 2 0.975211
0.67163 2 0.975267
0.671437 2 0.975371
0.67105 2 0.97541
0.670857 2 0.975441
0.670663 2 0.975493
0.67047 2 0.975548
0.670277 2 0.975573
0.670083 2 0.975594
0.66989 2 0.975614
0.669696 2 0.975671
0.669503 2 0.975722
0.66931 2 0.975734
0.669116 2 0.975776
0.668923 2 0.97578
0.668729 2 0.975816
0.668536 2 0.975857
0.668343 2 0.975972
0.668149 2 0.976241
0.667956 2 0.976246
0.667763 2 0.976408
0.667569 2 0.976427
0.667376 2 0.976454
0.667182 2 0.976506
0.666989 2 0.976508
0.666796 2 0.976545
0.666602 2 0.976591
0.666409 2 0.976614
0.666215 2 0.976738
0.666022 2 0.976838
0.665829 2 0.976893
0.665635 2 0.976916
0.665442 2 0.976957
0.665249 2 0.977327
0.665055 2 0.977348
0.664862 2 0.977365
0.664668 2 0.977426
0.664475 2 0.977437
0.664282 2 0.977468
0.664088 2 0.97749
0.663895 2 0.977539
0.663701 2 0.977568
0.663508 2 0.977571
0.663315 2 0.97762
0.663121 2 0.977733
0.662928 2 0.977754
0.662734 2 0.97789
0.662541 2 0.977908
0.662348 2 0.977936
0.662154 2 0.977945
0.661961 2 0.977969
0.661768 2 0.978044
0.661574 2 0.978069
0.661381 2 0.978193
0.661187 2 0.978211
0.660994 2 0.978283
0.660801 2 0.9783
0.660607 2 0.978307
0.660414 2 0.978316
0.66022 2 0.978369
0.660027 2 0.978446
0.659834 2 0.978629
0.65964 2 0.978637
0.659447 2 0.978705
0.659254 2 0.978728
0.65906 2 0.978763
0.658867 2 0.978789
0.658673 2 0.978849
0.65848 2 0.979048
0.658287 2 0.979065
0.658093 2 0.979092
0.6579 2 0.979099
0.657706 2 0.979209
0.657513 2 0.979345
0.65732 2 0.979347
0.657126 2 0.979389
0.656933 2 0.97951
0.65674 2 0.97952
0.656546 2 0.979561
0.656353 2 0.97965
0.656159 2 0.979758
0.655966 2 0.979832
0.655773 2 0.979861
0.655579 2 0.979887
0.655386 2 0.979937
0.655192 2 0.979953
0.654999 2 0.979973
0.654806 2 0.979988
0.654612 2 0.979996
0.654419 2 0.980002
0.654225 2 0.980017
0.654225 1 0.980022
0.654032 1 0.980023
0.653839 1 0.980234
0.653645 1 0.980249
0.653452 1 0.980263
0.653259 1 0.980271
0.653259 0 0.980427
0.653065 0 0.980441
0.652872 0 0.980456
0.652678 0 0.980507
0.652485 0 0.980579
0.652292 0 0.980581
0.652098 0 0.980616
0.651905 0 0.980699
0.651711 0 0.98074
0.651518 0 0.980805
0.651325 0 0.980815
0.651131 0 0.980846
0.650938 0 0.980885
0.650551 0 0.980959
0.650358 0 0.980963
0.650164 0 0.980993
0.649971 0 0.981022
0.649778 0 0.981046
0.649584 0 0.981069
0.649391 0 0.981133
0.649197 0 0.981223
0.649004 0 0.981239
0.648811 0 0.981339
0.648617 0 0.981491
0.648424 0 0.9816
0.648231 0 0.981619
0.648037 0 0.981684
0.647844 0 0.981709
0.64765 0 0.981811
0.647457 0 0.981819
0.647264 0 0.981905
0.64707 0 0.982038
0.646877 0 0.982058
0.646683 0 0.982206
0.64649 0 0.982207
0.646297 0 0.982209
0.646103 0 0.982224
0.64591 0 0.982237
0.645523 0 0.982409
0.64533 0 0.982486
0.645136 0 0.982587
0.644943 0 0.98271
0.64475 0 0.982715
0.644556 0 0.98278
0.644363 0 0.982802
0.644169 0 0.982815
0.643976 0 0.982918
0.643783 0 0.982985
0.643589 0 0.982999
0.643396 0 0.983094
0.643202 0 0.983095
0.643009 0 0.983106
0.642816 0 0.983116
0.642622 0 0.983151
0.642429 0 0.983164
0.642236 0 0.983202
0.642042 0 0.983214
0.641849 0 0.983228
0.641655 0 0.983266
0.641462 0 0.983271
0.641269 0 0.983273
0.641075 0 0.983352
0.640882 0 0.983432
0.640688 0 0.983498
0.640495 0 0.983565
0.640302 0 0.983629
0.640108 0 0.983631
0.639915 0 0.983668
0.639722 0 0.98373
0.639528 0 0.983777
0.639335 0 0.983818
0.639141 0 0.983829
0.638948 0 0.983853
0.638755 0 0.983889
0.638561 0 0.983901
0.638368 0 0.983928
0.638174 0 0.983988
0.637981 0 0.983992
0.637788 0 0.984034
0.637594 0 0.984099
0.637401 0 0.984148
0.637208 0 0.984207
0.637014 0 0.984209
0.636821 0 0.98422
0.636627 0 0.98424
0.636434 0 0.984243
0.636241 0 0.984246
0.636047 0 0.984247
0.635854 0 0.98425
0.63566 0 0.984441
0.635467 0 0.984498
0.635274 0 0.984615
0.63508 0 0.98471
0.634887 0 0.98479
0.634693 0 0.984829
0.6345 0 0.984835
0.634307 0 0.984852
0.634113 0 0.984876
0.63392 0 0.984916
0.633727 0 0.984935
0.633533 0 0.984943
0.63334 0 0.984971
0.633146 0 0.985082
0.632953 0 0.985108
0.63276 0 0.98512
0.632566 0 0.98517
0.632373 0 0.985189
0.632179 0 0.985263
0.631986 0 0.985292
0.631793 0 0.985303
0.631599 0 0.985323
0.631213 0 0.98533
0.631019 0 0.985336
0.630826 0 0.985337
0.630632 0 0.985353
0.630439 0 0.985375
0.630246 0 0.985377
0.630052 0 0.985379
0.629859 0 0.985385
0.629665 0 0.985394
0.629472 0 0.985434
0.629279 0 0.985451
0.629085 0 0.985456
0.628892 0 0.98552
0.628699 0 0.985531
0.628505 0 0.985557
0.628312 0 0.985559
0.628118 0 0.985561
0.627925 0 0.985562
0.627732 0 0.985599
0.627538 0 0.985646
0.627345 0 0.985664
0.627151 0 0.985685
0.626958 0 0.985689
0.626765 0 0.985753
0.626571 0 0.985772
0.626378 0 0.985784
0.626184 0 0.985788
0.625991 0 0.985805
0.625798 0 0.985848
0.625604 0 0.985852
0.625411 0 0.98587
0.625218 0 0.985909
0.625024 0 0.985956
0.624831 0 0.985991
0.624637 0 0.986006
0.624444 0 0.986031
0.624251 0 0.986108
0.624057 0 0.986216
0.623864 0 0.986234
0.62367 0 0.986258
0.623477 0 0.98629
0.623284 0 0.986315
0.62309 0 0.986327
0.622897 0 0.986336
0.622704 0 0.986399
0.62251 0 0.986468
0.622317 0 0.986507
0.622123 0 0.986515
0.62193 0 0.986562
0.621737 0 0.986569
0.621543 0 0.986592
0.62135 0 0.986595
0.621156 0 0.986622
0.620963 0 0.986623
0.62077 0 0.986632
0.620576 0 0.986655
0.620383 0 0.986718
0.62019 0 0.986785
0.619996 0 0.986858
0.619803 0 0.986874
0.619609 0 0.986963
0.619416 0 0.986993
0.619223 0 0.987027
0.619029 0 0.987054
0.618836 0 0.987064
0.618642 0 0.987153
0.618449 0 0.987162
0.618256 0 0.987171
0.618062 0 0.987193
0.617869 0 0.987196
0.617675 0 0.987217
0.617482 0 0.987305
0.617289 0 0.987317
0.617095 0 0.987328
0.616902 0 0.987344
0.616709 0 0.987374
0.616515 0 0.987429
0.616322 0 0.987455
0.616128 0 0.987457
0.615935 0 0.98751
0.615742 0 0.98754
0.615548 0 0.987554
0.615355 0 0.987574
0.615161 0 0.987585
0.614968 0 0.987591
0.614775 0 0.98765
0.614581 0 0.987653
0.614388 0 0.987661
0.614195 0 0.987704
0.614001 0 0.987707
0.613808 0 0.987852
0.613614 0 0.987923
0.613421 0 0.98794
0.613228 0 0.987995
0.613034 0 0.988087
0.612841 0 0.988103
0.612647 0 0.988181
0.612454 0 0.988191
0.612261 0 0.988238
0.612067 0 0.988263
0.611874 0 0.988277
0.611681 0 0.98833
0.611487 0 0.988373
0.611294 0 0.988537
0.6111 0 0.988588
0.610907 0 0.988613
0.610714 0 0.988654
0.61052 0 0.98867
0.610327 0 0.988702
0.610133 0 0.988714
0.60994 0 0.988797
0.609747 0 0.988816
0.609553 0 0.988878
0.609167 0 0.988901
0.608973 0 0.988917
0.60878 0 0.988978
0.608586 0 0.988994
0.608393 0 0.988995
0.6082 0 0.988999
0.608006 0 0.989015
0.607813 0 0.989025
0.607619 0 0.989056
0.607426 0 0.989084
0.607233 0 0.989177
0.607039 0 0.989181
0.606846 0 0.989213
0.606652 0 0.989214
0.606459 0 0.98925
0.606266 0 0.98927
0.606072 0 0.989275
0.605879 0 0.989353
0.605686 0 0.989354
0.605492 0 0.989381
0.605299 0 0.989404
0.605105 0 0.989415
0.604912 0 0.989427
0.604719 0 0.989446
0.604525 0 0.989481
0.604332 0 0.989484
0.604138 0 0.989486
0.603945 0 0.989545
0.603752 0 0.989558
0.603558 0 0.989562
0.603365 0 0.989565
0.603172 0 0.989572
0.602978 0 0.989627
0.602785 0 0.989706
0.602591 0 0.989762
0.602398 0 0.989764
0.602205 0 0.989813
0.602011 0 0.989877
0.601818 0 0.989904
0.601624 0 0.98992
0.601431 0 0.989947
0.601238 0 0.98995
0.600851 0 0.989958
0.600658 0 0.989987
0.600464 0 0.989996
0.600271 0 0.990068
0.600077 0 0.990105
0.599884 0 0.990109
0.599691 0 0.99011
0.599497 0 0.990116
0.599304 0 0.990132
0.59911 0 0.990181
0.598917 0 0.990215
0.598724 0 0.990239
0.59853 0 0.990279
0.598337 0 0.990283
0.598143 0 0.990293
0.59795 0 0.990297
0.597757 0 0.990339
0.597563 0 0.990355
0.59737 0 0.990357
0.597177 0 0.990368
0.596983 0 0.990379
0.59679 0 0.990382
0.596596 0 0.990395
0.596403 0 0.990418
0.59621 0 0.990421
0.596016 0 0.990486
0.595823 0 0.99051
0.595629 0 0.990551
0.595436 0 0.990552
0.595243 0 0.990577
0.595049 0 0.990582
0.594856 0 0.990594
0.594663 0 0.990621
0.594469 0 0.990633
0.594276 0 0.99064
0.594082 0 0.990645
0.593889 0 0.99066
0.593696 0 0.990723
0.593502 0 0.990728
0.593309 0 0.990729
0.593115 0 0.990741
0.592922 0 0.990777
0.592729 0 0.99079
0.592535 0 0.990793
0.592149 0 0.990856
0.591955 0 0.990903
0.591762 0 0.990934
0.591568 0 0.990943
0.591375 0 0.990957
0.591182 0 0.990994
0.590988 0 0.990997
0.590795 0 0.99104
0.590601 0 0.991079
0.590408 0 0.991081
0.590215 0 0.9911
0.590021 0 0.991105
0.589828 0 0.99111
0.589635 0 0.99117
0.589441 0 0.991194
0.589248 0 0.991232
0.589054 0 0.991269
0.588861 0 0.991293
0.588474 0 0.991302
0.588281 0 0.991322
0.588087 0 0.991347
0.587894 0 0.991349
0.587701 0 0.991395
0.587507 0 0.991409
0.587314 0 0.99141
0.58712 0 0.991434
0.586927 0 0.991441
0.586734 0 0.991462
0.58654 0 0.991477
0.586347 0 0.99151
0.586154 0 0.991511
0.58596 0 0.991514
0.585767 0 0.991526
0.585573 0 0.991549
0.58538 0 0.991553
0.585187 0 0.991575
0.584993 0 0.991646
0.5848 0 0.991652
0.584606 0 0.99167
0.584413 0 0.991707
0.58422 0 0.991769
0.584026 0 0.991808
0.583833 0 0.991813
0.58364 0 0.991826
0.583446 0 0.991827
0.583253 0 0.991832
0.583059 0 0.991833
0.582866 0 0.991846
0.582673 0 0.991857
0.582479 0 0.99187
0.582286 0 0.991886
0.582092 0 0.991899
0.581899 0 0.991908
0.581706 0 0.991922
0.581512 0 0.991942
0.581319 0 0.991952
0.581126 0 0.991955
0.580932 0 0.991967
0.580739 0 0.991973
0.580545 0 0.992004
0.580352 0 0.992025
0.580159 0 0.992032
0.579965 0 0.992037
0.579772 0 0.992054
0.579578 0 0.992058
0.579385 0 0.992063
0.579192 0 0.992066
0.578998 0 0.992081
0.578805 0 0.992083
0.578611 0 0.992112
0.578418 0 0.99212
0.578225 0 0.992138
0.578031 0 0.992147
0.577838 0 0.992151
0.577645 0 0.992152
0.577451 0 0.992196
0.577258 0 0.992201
0.577064 0 0.992223
0.576871 0 0.992225
0.576678 0 0.992257
0.576484 0 0.992266
0.576291 0 0.992316
0.576097 0 0.992332
0.575904 0 0.99235
0.575711 0 0.992364
0.575517 0 0.992376
0.575324 0 0.992389
0.575131 0 0.992396
0.574937 0 0.9924
0.574744 0 0.992418
0.57455 0 0.992421
0.574357 0 0.992439
0.574164 0 0.992447
0.57397 0 0.99245
0.573777 0 0.992453
0.573583 0 0.99246
0.57339 0 0.992508
0.573197 0 0.992513
0.573003 0 0.992523
0.57281 0 0.99255
0.572617 0 0.992595
0.572423 0 0.992622
0.57223 0 0.992637
0.572036 0 0.992676
0.571843 0 0.992743
0.57165 0 0.992752
0.571456 0 0.992765
0.571263 0 0.992786
0.571069 0 0.992809
0.570876 0 0.992851
0.570683 0 0.992882
0.570489 0 0.99293
0.570296 0 0.992982
0.570102 0 0.993024
0.569909 0 0.993053
0.569716 0 0.993064
0.569522 0 0.993074
0.569329 0 0.993084
0.569136 0 0.993089
0.568942 0 0.993095
0.568749 0 0.993105
0.568555 0 0.99314
0.568362 0 0.993153
0.568169 0 0.993209
0.567975 0 0.993212
0.567782 0 0.993218
0.567588 0 0.993219
0.567395 0 0.993234
0.567202 0 0.993235
0.567008 0 0.993247
0.566815 0 0.993271
0.566622 0 0.993295
0.566428 0 0.993309
0.566041 0 0.993317
0.565848 0 0.993342
0.565655 0 0.993345
0.565461 0 0.993347
0.565268 0 0.993383
0.565074 0 0.993392
0.564688 0 0.993397
0.564494 0 0.993411
0.564301 0 0.99342
0.564108 0 0.993431
0.563914 0 0.993437
0.563721 0 0.993438
0.563527 0 0.99347
0.563334 0 0.993475
0.563141 0 0.993489
0.562947 0 0.993498
0.562754 0 0.993541
0.56256 0 0.993543
0.562367 0 0.993545
0.56198 0 0.993556
0.561787 0 0.99356
0.561594 0 0.993587
0.5614 0 0.993602
0.561207 0 0.993617
0.561013 0 0.99362
0.56082 0 0.993621
0.560627 0 0.993624
0.560433 0 0.99364
0.56024 0 0.993703
0.560046 0 0.993707
0.559853 0 0.993721
0.55966 0 0.993728
0.559466 0 0.993732
0.559273 0 0.993756
0.559079 0 0.99382
0.558886 0 0.993833
0.558693 0 0.993837
0.558499 0 0.99384
0.558306 0 0.993869
0.558113 0 0.993901
0.557919 0 0.993904
0.557726 0 0.99391
0.557532 0 0.993912
0.557339 0 0.993928
0.557146 0 0.993943
0.556952 0 0.994032
0.556759 0 0.994033
0.556565 0 0.994056
0.556372 0 0.994077
0.556179 0 0.99409
0.555985 0 0.994101
0.555792 0 0.99412
0.555599 0 0.994131
0.555405 0 0.994138
0.555212 0 0.994187
0.555018 0 0.994204
0.554825 0 0.994255
0.554632 0 0.994269
0.554438 0 0.994282
0.554245 0 0.994287
0.554051 0 0.994293
0.553858 0 0.994298
0.553665 0 0.994304
0.553471 0 0.994316
0.553085 0 0.994331
0.552891 0 0.994337
0.552504 0 0.994345
0.552311 0 0.994387
0.552118 0 0.994391
0.551924 0 0.994392
0.551731 0 0.994438
0.551537 0 0.994439
0.551344 0 0.994451
0.550957 0 0.994465
0.550764 0 0.994487
0.55057 0 0.99449
0.550377 0 0.994504
0.550184 0 0.99453
0.54999 0 0.994549
0.549797 0 0.994565
0.549604 0 0.994576
0.54941 0 0.994585
0.549217 0 0.994588
0.549023 0 0.994599
0.54883 0 0.994615
0.548637 0 0.994633
0.548443 0 0.994642
0.54825 0 0.99465
0.548056 0 0.994669
0.547863 0 0.994677
0.547476 0 0.994685
0.547283 0 0.99469
0.54709 0 0.994696
0.546896 0 0.9947
0.546703 0 0.994706
0.546509 0 0.994712
0.546316 0 0.994714
0.546123 0 0.994717
0.545736 0 0.994725
0.545542 0 0.994727
0.545349 0 0.994734
0.545156 0 0.994737
0.544962 0 0.994773
0.544769 0 0.99479
0.544576 0 0.994798
0.544382 0 0.994803
0.544189 0 0.994807
0.543995 0 0.994822
0.543802 0 0.994834
0.543609 0 0.994854
0.543415 0 0.994859
0.543222 0 0.994863
0.543028 0 0.994875
0.542835 0 0.99488
0.542642 0 0.99491
0.542448 0 0.994936
0.542255 0 0.994945
0.542061 0 0.994977
0.541868 0 0.994985
0.541675 0 0.994987
0.541481 0 0.994992
0.541288 0 0.995004
0.541095 0 0.995022
0.540708 0 0.995029
0.540321 0 0.995051
0.540128 0 0.995053
0.539934 0 0.99506
0.539741 0 0.995068
0.539547 0 0.995097
0.539354 0 0.99512
0.539161 0 0.995141
0.538967 0 0.995148
0.538581 0 0.995157
0.538387 0 0.995173
0.538194 0 0.995192
0.538 0 0.995202
0.537807 0 0.995205
0.537614 0 0.995218
0.537227 0 0.99523
0.537033 0 0.995253
0.536647 0 0.995256
0.53626 0 0.995257
0.536067 0 0.995263
0.535873 0 0.995269
0.53568 0 0.99527
0.535486 0 0.995273
0.535293 0 0.99528
0.5351 0 0.995292
0.534906 0 0.995298
0.534713 0 0.995306
0.534519 0 0.99531
0.534326 0 0.995322
0.534133 0 0.995333
0.533939 0 0.99536
0.533746 0 0.995371
0.533553 0 0.995372
0.533359 0 0.995374
0.532972 0 0.995396
0.532779 0 0.995402
0.532586 0 0.995403
0.532392 0 0.995408
0.532199 0 0.995412
0.532005 0 0.995415
0.531812 0 0.995417
0.531619 0 0.99543
0.531425 0 0.995465
0.531232 0 0.995466
0.531038 0 0.995491
0.530845 0 0.995503
0.530652 0 0.995516
0.530458 0 0.995525
0.530265 0 0.995535
0.530072 0 0.995562
0.529878 0 0.995564
0.529685 0 0.995568
0.529491 0 0.995574
0.529298 0 0.995592
0.529105 0 0.995593
0.528911 0 0.995597
0.528718 0 0.995605
0.528524 0 0.995607
0.528331 0 0.995614
0.528138 0 0.995615
0.527944 0 0.995618
0.527751 0 0.995622
0.527558 0 0.995635
0.527171 0 0.995641
0.526977 0 0.995654
0.526784 0 0.995656
0.526591 0 0.995671
0.526397 0 0.995683
0.526204 0 0.995684
0.52601 0 0.995686
0.525817 0 0.995699
0.525624 0 0.995704
0.52543 0 0.99573
0.525237 0 0.995738
0.525044 0 0.995749
0.52485 0 0.995761
0.524657 0 0.995775
0.524463 0 0.995795
0.524077 0 0.995797
0.523883 0 0.995804
0.52369 0 0.995823
0.523496 0 0.995828
0.523303 0 0.99583
0.52311 0 0.995831
0.522916 0 0.995843
0.522723 0 0.995845
0.522529 0 0.995847
0.522336 0 0.995851
0.522143 0 0.995857
0.521949 0 0.995867
0.521756 0 0.995887
0.521563 0 0.99589
0.521369 0 0.995892
0.521176 0 0.995896
0.520982 0 0.995911
0.520789 0 0.995917
0.520596 0 0.995926
0.520402 0 0.995932
0.520209 0 0.995935
0.520015 0 0.995937
0.519822 0 0.995939
0.519629 0 0.995941
0.519435 0 0.995955
0.519242 0 0.995981
0.519049 0 0.995992
0.518855 0 0.996
0.518662 0 0.99601
0.518468 0 0.996017
0.518275 0 0.996024
0.518082 0 0.996036
0.517888 0 0.996037
0.517695 0 0.996039
0.517501 0 0.996045
0.517308 0 0.996049
0.517115 0 0.996057
0.516921 0 0.99606
0.516728 0 0.996062
0.516535 0 0.996085
0.516148 0 0.996092
0.515954 0 0.996111
0.515761 0 0.996123
0.515568 0 0.996134
0.515374 0 0.996135
0.514987 0 0.996158
0.514794 0 0.996159
0.514601 0 0.996185
0.514407 0 0.996202
0.514214 0 0.996215
0.51402 0 0.99622
0.513827 0 0.996222
0.513634 0 0.996232
0.51344 0 0.996238
0.513247 0 0.99624
0.513054 0 0.996249
0.51286 0 0.996264
0.512667 0 0.996275
0.512473 0 0.996277
0.51228 0 0.996278
0.512087 0 0.99628
0.511893 0 0.996299
0.5117 0 0.996316
0.511506 0 0.996318
0.511313 0 0.996325
0.51112 0 0.996326
0.510926 0 0.99633
0.510733 0 0.996337
0.51054 0 0.996339
0.510346 0 0.996349
0.510153 0 0.996358
0.509766 0 0.996363
0.509573 0 0.99637
0.509379 0 0.996371
0.509186 0 0.996377
0.508799 0 0.996379
0.508606 0 0.996387
0.508412 0 0.996389
0.508219 0 0.996391
0.508026 0 0.996392
0.507832 0 0.996395
0.507639 0 0.996397
0.507445 0 0.996401
0.507252 0 0.99644
0.507059 0 0.996447
0.506865 0 0.99646
0.506672 0 0.996461
0.506478 0 0.996467
0.506285 0 0.996468
0.506092 0 0.996474
0.505898 0 0.996484
0.505705 0 0.996487
0.505512 0 0.996494
0.505125 0 0.996498
0.504931 0 0.996499
0.504738 0 0.9965
0.504545 0 0.996501
0.504351 0 0.996508
0.504158 0 0.99651
0.503964 0 0.996515
0.503771 0 0.996525
0.503578 0 0.996529
0.503384 0 0.996541
0.503191 0 0.996547
0.502997 0 0.996565
0.502611 0 0.996567
0.502224 0 0.996573
0.502031 0 0.996583
0.501837 0 0.996585
0.501644 0 0.996587
0.50145 0 0.996591
0.501257 0 0.996599
0.501064 0 0.996606
0.50087 0 0.996609
0.500677 0 0.996613
0.500483 0 0.996616
0.50029 0 0.99662
0.500097 0 0.996625
0.499903 0 0.996648
0.49971 0 0.996663
0.499517 0 0.996664
0.499323 0 0.996675
0.49913 0 0.996678
0.498936 0 0.996679
0.498743 0 0.996684
0.49855 0 0.996692
0.498356 0 0.996698
0.498163 0 0.996718
0.497776 0 0.996724
0.497583 0 0.996732
0.497389 0 0.996736
0.497003 0 0.996737
0.496809 0 0.996738
0.496616 0 0.996771
0.496422 0 0.996779
0.496229 0 0.996782
0.496036 0 0.996796
0.495842 0 0.996797
0.495649 0 0.996805
0.495455 0 0.996809
0.495262 0 0.996814
0.495069 0 0.996821
0.494875 0 0.996842
0.494682 0 0.996846
0.494488 0 0.996847
0.494295 0 0.99685
0.494102 0 0.996864
0.493908 0 0.996866
0.493715 0 0.996872
0.493522 0 0.996873
0.493328 0 0.996878
0.493135 0 0.99688
0.492941 0 0.996886
0.492748 0 0.996887
0.492555 0 0.996893
0.492361 0 0.996895
0.492168 0 0.9969
0.491974 0 0.996903
0.491781 0 0.996907
0.491588 0 0.99691
0.491394 0 0.996911
0.491008 0 0.996926
0.490814 0 0.996928
0.490621 0 0.996933
0.490427 0 0.996935
0.490234 0 0.996936
0.490041 0 0.996951
0.489847 0 0.996953
0.48946 0 0.996959
0.489267 0 0.996972
0.489074 0 0.996989
0.48888 0 0.996991
0.488687 0 0.997006
0.488494 0 0.997009
0.4883 0 0.997015
0.487913 0 0.99703
0.48772 0 0.997038
0.487527 0 0.99704
0.487333 0 0.997044
0.486946 0 0.997046
0.486753 0 0.997073
0.486366 0 0.997074
0.486173 0 0.997082
0.48598 0 0.997087
0.485786 0 0.99709
0.485593 0 0.997102
0.485399 0 0.997113
0.485206 0 0.997114
0.485013 0 0.997125
0.484819 0 0.99713
0.484626 0 0.997132
0.484432 0 0.997137
0.484239 0 0.997138
0.484046 0 0.997143
0.483852 0 0.99715
0.483465 0 0.997152
0.483272 0 0.997164
0.483079 0 0.997165
0.482885 0 0.997175
0.482692 0 0.997177
0.482305 0 0.997181
0.482112 0 0.997188
0.481918 0 0.997192
0.481532 0 0.997194
0.481338 0 0.997204
0.481145 0 0.99721
0.480758 0 0.997216
0.480565 0 0.997221
0.480371 0 0.997226
0.480178 0 0.997228
0.479985 0 0.997229
0.479598 0 0.99723
0.479211 0 0.997238
0.479018 0 0.997243
0.478824 0 0.997259
0.478631 0 0.997263
0.478437 0 0.997267
0.478244 0 0.997269
0.478051 0 0.997281
0.477664 0 0.997283
0.477471 0 0.997293
0.477277 0 0.997295
0.477084 0 0.997298
0.47689 0 0.997301
0.476504 0 0.997303
0.47631 0 0.997308
0.476117 0 0.997309
0.475923 0 0.997313
0.47573 0 0.997322
0.475537 0 0.99735
0.47515 0 0.997362
0.474956 0 0.997363
0.474763 0 0.997364
0.47457 0 0.997366
0.474376 0 0.997373
0.47399 0 0.997374
0.473796 0 0.997385
0.473603 0 0.997393
0.473409 0 0.997396
0.473216 0 0.997402
0.473023 0 0.997408
0.472829 0 0.997413
0.472442 0 0.997415
0.472249 0 0.997421
0.472056 0 0.997425
0.471862 0 0.997427
0.471669 0 0.997431
0.471476 0 0.997434
0.471282 0 0.997437
0.470895 0 0.997438
0.470702 0 0.997439
0.470509 0 0.997444
0.470315 0 0.997445
0.470122 0 0.997449
0.469928 0 0.997466
0.469735 0 0.997468
0.469542 0 0.997477
0.469348 0 0.997478
0.469155 0 0.99748
0.468768 0 0.997484
0.468575 0 0.997487
0.468188 0 0.997519
0.467801 0 0.99752
0.467608 0 0.997529
0.467414 0 0.997531
0.467221 0 0.997541
0.467028 0 0.997543
0.466447 0 0.997544
0.466254 0 0.997546
0.465867 0 0.997558
0.465674 0 0.997571
0.465481 0 0.997575
0.465287 0 0.997578
0.465094 0 0.997589
0.4649 0 0.99759
0.464707 0 0.997591
0.46432 0 0.997601
0.464127 0 0.997605
0.46374 0 0.99761
0.463547 0 0.997615
0.463353 0 0.997616
0.46316 0 0.997617
0.462967 0 0.997618
0.462773 0 0.997619
0.46258 0 0.99762
0.462386 0 0.997622
0.462193 0 0.997626
0.462 0 0.99763
0.461806 0 0.997641
0.461613 0 0.997644
0.461419 0 0.997646
0.461226 0 0.997649
0.461033 0 0.997655
0.460839 0 0.997659
0.460646 0 0.997662
0.460453 0 0.997672
0.460259 0 0.997675
0.460066 0 0.997685
0.459679 0 0.997689
0.459486 0 0.997691
0.459292 0 0.997693
0.459099 0 0.997696
0.458905 0 0.997701
0.458712 0 0.997706
0.458519 0 0.997715
0.458325 0 0.997717
0.458132 0 0.997719
0.457745 0 0.997721
0.457552 0 0.997722
0.457358 0 0.997724
0.457165 0 0.997725
0.456972 0 0.997726
0.456778 0 0.997732
0.456585 0 0.997734
0.456391 0 0.99774
0.456198 0 0.997743
0.456005 0 0.997751
0.455811 0 0.997753
0.455618 0 0.997755
0.455231 0 0.997762
0.455038 0 0.997767
0.454844 0 0.997773
0.454651 0 0.997776
0.454458 0 0.997777
0.454264 0 0.997779
0.454071 0 0.99779
0.453877 0 0.997792
0.453684 0 0.997796
0.453491 0 0.997807
0.453104 0 0.997812
0.45291 0 0.997814
0.452717 0 0.997819
0.452524 0 0.997831
0.45233 0 0.997838
0.452137 0 0.997839
0.451944 0 0.99784
0.45175 0 0.997846
0.451557 0 0.997848
0.451363 0 0.997856
0.45117 0 0.997859
0.450783 0 0.997865
0.45059 0 0.997867
0.450396 0 0.997869
0.450203 0 0.997871
0.45001 0 0.997882
0.449816 0 0.997895
0.449623 0 0.997897
0.44943 0 0.997905
0.449236 0 0.997906
0.449043 0 0.997907
0.448656 0 0.997912
0.448463 0 0.997915
0.448269 0 0.99792
0.447882 0 0.997921
0.447689 0 0.997924
0.447496 0 0.997928
0.447302 0 0.997931
0.447109 0 0.997933
0.446915 0 0.997934
0.446722 0 0.99794
0.446529 0 0.997942
0.446335 0 0.997948
0.446142 0 0.997949
0.445949 0 0.997955
0.445755 0 0.997965
0.445562 0 0.997966
0.445175 0 0.997968
0.444982 0 0.997977
0.444788 0 0.99798
0.444595 0 0.997981
0.444401 0 0.997982
0.444208 0 0.997985
0.443628 0 0.997994
0.443241 0 0.998
0.443048 0 0.998001
0.442854 0 0.998004
0.442661 0 0.998013
0.442468 0 0.998015
0.442274 0 0.998017
0.442081 0 0.99802
0.441887 0 0.998021
0.441694 0 0.998024
0.441501 0 0.998025
0.441307 0 0.998026
0.441114 0 0.998033
0.440921 0 0.998037
0.440727 0 0.998038
0.440534 0 0.998041
0.44034 0 0.998042
0.440147 0 0.998045
0.439954 0 0.998048
0.43976 0 0.998049
0.439567 0 0.998055
0.43918 0 0.998056
0.438793 0 0.998057
0.4386 0 0.998066
0.438406 0 0.998068
0.438213 0 0.998071
0.43802 0 0.998073
0.437826 0 0.998075
0.437633 0 0.998083
0.43744 0 0.998084
0.437246 0 0.99809
0.437053 0 0.998092
0.436859 0 0.998093
0.436666 0 0.998095
0.436473 0 0.998096
0.436086 0 0.998113
0.435892 0 0.998114
0.435699 0 0.998119
0.435506 0 0.998125
0.435312 0 0.998128
0.435119 0 0.998129
0.434926 0 0.998131
0.434732 0 0.998135
0.434539 0 0.998136
0.434345 0 0.998137
0.434152 0 0.998147
0.433959 0 0.998149
0.433765 0 0.998155
0.433378 0 0.998156
0.432992 0 0.99816
0.432798 0 0.998162
0.432605 0 0.998163
0.432412 0 0.998164
0.432218 0 0.998165
0.432025 0 0.998171
0.431831 0 0.998173
0.431638 0 0.998176
0.431445 0 0.998179
0.431251 0 0.998186
0.431058 0 0.998188
0.430864 0 0.99819
0.430671 0 0.998192
0.430478 0 0.998194
0.430284 0 0.998195
0.430091 0 0.998196
0.429898 0 0.998198
0.429704 0 0.998199
0.429511 0 0.998217
0.429317 0 0.998219
0.429124 0 0.99822
0.428544 0 0.998221
0.42835 0 0.998223
0.428157 0 0.998229
0.427964 0 0.998231
0.42777 0 0.998248
0.42719 0 0.99825
0.426997 0 0.998255
0.426803 0 0.998263
0.42661 0 0.998266
0.426223 0 0.998268
0.42603 0 0.998271
0.425836 0 0.998272
0.425643 0 0.998273
0.42545 0 0.998277
0.425063 0 0.998281
0.424676 0 0.998287
0.424289 0 0.998293
0.424096 0 0.998294
0.423903 0 0.998297
0.423709 0 0.998299
0.423516 0 0.9983
0.423322 0 0.998304
0.423129 0 0.99831
0.422936 0 0.998315
0.422742 0 0.998324
0.422549 0 0.998331
0.422355 0 0.998336
0.422162 0 0.998342
0.421969 0 0.998343
0.421582 0 0.998345
0.421389 0 0.99835
0.421195 0 0.998364
0.421002 0 0.998372
0.420808 0 0.998375
0.420615 0 0.998376
0.420422 0 0.998378
0.420228 0 0.998382
0.420035 0 0.998383
0.419841 0 0.998384
0.419648 0 0.998385
0.419455 0 0.998389
0.419068 0 0.998391
0.418874 0 0.998398
0.418681 0 0.998401
0.418488 0 0.998402
0.418294 0 0.998404
0.417908 0 0.998407
0.417521 0 0.998411
0.417327 0 0.998412
0.417134 0 0.998413
0.416941 0 0.998418
0.416747 0 0.99842
0.416167 0 0.998433
0.415974 0 0.998441
0.41578 0 0.998443
0.415394 0 0.998444
0.4152 0 0.998445
0.415007 0 0.998446
0.414813 0 0.998448
0.414233 0 0.998454
0.41404 0 0.998458
0.413653 0 0.998464
0.413266 0 0.998465
0.413073 0 0.998468
0.41288 0 0.998471
0.412493 0 0.998472
0.412106 0 0.998473
0.411913 0 0.99848
0.411719 0 0.998481
0.411526 0 0.998484
0.411332 0 0.998487
0.411139 0 0.998488
0.410946 0 0.998496
0.410752 0 0.998505
0.410559 0 0.998506
0.410172 0 0.998507
0.409979 0 0.998516
0.409592 0 0.998519
0.409399 0 0.99852
0.409205 0 0.998522
0.409012 0 0.998523
0.408432 0 0.998524
0.408045 0 0.998527
0.407851 0 0.99853
0.407658 0 0.998532
0.407465 0 0.998533
0.407271 0 0.998534
0.407078 0 0.998537
0.406885 0 0.998541
0.406691 0 0.998544
0.406304 0 0.998547
0.406111 0 0.998552
0.405918 0 0.998555
0.405724 0 0.998563
0.405531 0 0.998568
0.405337 0 0.998569
0.405144 0 0.998571
0.404951 0 0.998572
0.404757 0 0.998576
0.404371 0 0.998577
0.404177 0 0.998583
0.403984 0 0.998585
0.40379 0 0.998586
0.403597 0 0.998587
0.403404 0 0.998594
0.40321 0 0.998595
0.403017 0 0.9986
0.402823 0 0.998601
0.402437 0 0.998602
0.402243 0 0.998604
0.40205 0 0.998605
0.401857 0 0.998608
0.401663 0 0.998616
0.401276 0 0.998618
0.401083 0 0.99862
0.40089 0 0.998624
0.400696 0 0.998626
0.400503 0 0.99863
0.400116 0 0.998633
0.399923 0 0.998634
0.399536 0 0.99864
0.399342 0 0.998642
0.399149 0 0.998649
0.398762 0 0.998651
0.398376 0 0.998652
0.398182 0 0.998655
0.397602 0 0.998656
0.397409 0 0.998661
0.397215 0 0.998672
0.396828 0 0.998674
0.396635 0 0.998675
0.396442 0 0.998683
0.396248 0 0.998684
0.395862 0 0.998685
0.395475 0 0.998686
0.395281 0 0.998689
0.394895 0 0.99869
0.394508 0 0.998691
0.394314 0 0.998696
0.394121 0 0.998697
0.393928 0 0.9987
0.393541 0 0.998702
0.393348 0 0.998707
0.393154 0 0.998708
0.392961 0 0.99871
0.392767 0 0.998711
0.392574 0 0.998713
0.392381 0 0.998714
0.392187 0 0.998716
0.391994 0 0.998717
0.3918 0 0.998718
0.391607 0 0.998719
0.391414 0 0.998722
0.39122 0 0.998723
0.391027 0 0.998724
0.390833 0 0.998725
0.39064 0 0.998726
0.390447 0 0.998727
0.390253 0 0.998728
0.39006 0 0.99873
0.389673 0 0.998732
0.389286 0 0.998733
0.3889 0 0.998735
0.388706 0 0.998736
0.388513 0 0.998738
0.388319 0 0.99874
0.387933 0 0.998742
0.387739 0 0.998743
0.387353 0 0.998744
0.386966 0 0.99875
0.386772 0 0.998751
0.386579 0 0.998757
0.386386 0 0.998762
0.386192 0 0.998763
0.385999 0 0.998765
0.385612 0 0.998767
0.385419 0 0.998775
0.385225 0 0.998778
0.385032 0 0.998786
0.384839 0 0.998787
0.384645 0 0.998789
0.384452 0 0.99879
0.384258 0 0.998792
0.384065 0 0.998794
0.383678 0 0.998798
0.383485 0 0.998799
0.383291 0 0.998802
0.383098 0 0.998803
0.382905 0 0.998804
0.382711 0 0.998808
0.382325 0 0.998811
0.382131 0 0.998814
0.381938 0 0.998815
0.381744 0 0.998818
0.381551 0 0.99882
0.381164 0 0.998825
0.380971 0 0.998826
0.380777 0 0.998834
0.380391 0 0.998837
0.380197 0 0.998838
0.37981 0 0.998847
0.379617 0 0.998851
0.379424 0 0.998854
0.37923 0 0.99886
0.379037 0 0.998866
0.37865 0 0.998871
0.378457 0 0.998877
0.378263 0 0.998878
0.377877 0 0.998883
0.377683 0 0.998887
0.37749 0 0.998889
0.377296 0 0.998897
0.377103 0 0.998898
0.376716 0 0.998901
0.37633 0 0.998906
0.375943 0 0.998907
0.375556 0 0.998909
0.375363 0 0.998912
0.374976 0 0.998914
0.374782 0 0.998916
0.374589 0 0.998918
0.374396 0 0.998919
0.374202 0 0.998923
0.374009 0 0.998924
0.373816 0 0.998928
0.373622 0 0.998929
0.373429 0 0.998931
0.373235 0 0.998932
0.373042 0 0.998933
0.372462 0 0.998934
0.372268 0 0.998936
0.372075 0 0.998937
0.371882 0 0.998938
0.371688 0 0.998939
0.371301 0 0.998941
0.371108 0 0.998944
0.370915 0 0.998945
0.370721 0 0.998948
0.370528 0 0.998949
0.370335 0 0.99895
0.370141 0 0.998951
0.369754 0 0.998952
0.369368 0 0.998953
0.369174 0 0.998954
0.368981 0 0.998957
0.368787 0 0.99896
0.368594 0 0.998961
0.368401 0 0.998962
0.367821 0 0.998963
0.367627 0 0.998964
0.36724 0 0.998965
0.367047 0 0.998966
0.366854 0 0.998967
0.366467 0 0.998975
0.366273 0 0.998977
0.36608 0 0.998978
0.365887 0 0.998981
0.365693 0 0.998983
0.3655 0 0.998987
0.365307 0 0.998988
0.36492 0 0.998989
0.364726 0 0.998995
0.364533 0 0.998998
0.364146 0 0.999001
0.363953 0 0.999003
0.363566 0 0.999008
0.363373 0 0.999015
0.363179 0 0.999017
0.362986 0 0.999018
0.362792 0 0.99902
0.362406 0 0.999024
0.362212 0 0.999025
0.362019 0 0.999026
0.361826 0 0.999031
0.361632 0 0.999034
0.361439 0 0.999035
0.361245 0 0.999036
0.360859 0 0.999039
0.360665 0 0.999041
0.360278 0 0.999042
0.360085 0 0.999049
0.359698 0 0.999051
0.359505 0 0.999052
0.359118 0 0.999055
0.358731 0 0.999056
0.358345 0 0.999057
0.358151 0 0.99906
0.357958 0 0.999062
0.357764 0 0.999074
0.357571 0 0.99908
0.357378 0 0.999082
0.357184 0 0.999085
0.356991 0 0.999088
0.356798 0 0.99909
0.356604 0 0.999091
0.356411 0 0.999092
0.356217 0 0.999094
0.356024 0 0.999095
0.355831 0 0.999097
0.355637 0 0.999099
0.355444 0 0.999103
0.35525 0 0.999106
0.355057 0 0.99911
0.354864 0 0.999111
0.35467 0 0.999114
0.354477 0 0.999115
0.354284 0 0.999116
0.353703 0 0.999118
0.353123 0 0.99912
0.35293 0 0.999121
0.352543 0 0.999124
0.35235 0 0.999125
0.352156 0 0.999129
0.351963 0 0.999132
0.351769 0 0.999133
0.351576 0 0.999139
0.351383 0 0.999141
0.351189 0 0.999143
0.350609 0 0.999146
0.350222 0 0.999149
0.350029 0 0.999152
0.349836 0 0.999156
0.349642 0 0.999158
0.349449 0 0.999159
0.349255 0 0.99916
0.349062 0 0.999161
0.348869 0 0.999162
0.348675 0 0.999164
0.348289 0 0.999166
0.348095 0 0.999167
0.347708 0 0.999169
0.347322 0 0.99917
0.347128 0 0.999172
0.346935 0 0.999174
0.346741 0 0.999175
0.346548 0 0.999177
0.346355 0 0.999178
0.346161 0 0.999182
0.345968 0 0.999184
0.345775 0 0.999186
0.345581 0 0.999187
0.345388 0 0.999189
0.345194 0 0.99919
0.345001 0 0.999196
0.344614 0 0.999199
0.344227 0 0.999201
0.344034 0 0.999202
0.343841 0 0.999206
0.343647 0 0.999208
0.343067 0 0.999209
0.342874 0 0.999211
0.34268 0 0.999218
0.342487 0 0.999221
0.342294 0 0.999222
0.341907 0 0.999224
0.341713 0 0.999229
0.34152 0 0.999233
0.341327 0 0.999234
0.341133 0 0.999236
0.340553 0 0.999237
0.34036 0 0.999239
0.340166 0 0.99924
0.339973 0 0.999241
0.33978 0 0.999243
0.339586 0 0.99925
0.339199 0 0.999251
0.339006 0 0.999252
0.338619 0 0.999253
0.338232 0 0.999255
0.338039 0 0.999258
0.337652 0 0.999259
0.337072 0 0.999262
0.336879 0 0.999264
0.336685 0 0.999266
0.336492 0 0.999268
0.336299 0 0.99927
0.336105 0 0.999273
0.335912 0 0.999274
0.335718 0 0.999275
0.335332 0 0.999276
0.335138 0 0.999278
0.334945 0 0.999281
0.334751 0 0.999283
0.334558 0 0.999285
0.334365 0 0.999287
0.333978 0 0.999292
0.333785 0 0.999294
0.333591 0 0.999295
0.333011 0 0.9993
0.332818 0 0.999302
0.332624 0 0.999304
0.332431 0 0.999305
0.332237 0 0.999307
0.332044 0 0.999308
0.331657 0 0.99931
0.331464 0 0.999311
0.331077 0 0.999313
0.33069 0 0.999314
0.330497 0 0.999315
0.330304 0 0.99932
0.329917 0 0.999321
0.32953 0 0.999322
0.329337 0 0.999323
0.329143 0 0.999324
0.328757 0 0.999325
0.32837 0 0.999326
0.32779 0 0.999328
0.327596 0 0.999333
0.327403 0 0.999334
0.327209 0 0.999335
0.326823 0 0.999336
0.326243 0 0.999343
0.325856 0 0.999345
0.325276 0 0.999346
0.325082 0 0.999347
0.324889 0 0.999349
0.324695 0 0.999357
0.324502 0 0.999358
0.324115 0 0.99936
0.323922 0 0.999362
0.323728 0 0.999364
0.323535 0 0.999365
0.323342 0 0.999366
0.322955 0 0.999367
0.322568 0 0.99937
0.322375 0 0.999373
0.322181 0 0.999375
0.321988 0 0.999379
0.321795 0 0.999382
0.320828 0 0.999383
0.320634 0 0.999385
0.320441 0 0.999386
0.320248 0 0.999389
0.320054 0 0.99939
0.319861 0 0.999392
0.319667 0 0.999395
0.319474 0 0.999397
0.319087 0 0.999398
0.3187 0 0.9994
0.318314 0 0.999403
0.31812 0 0.999404
0.317927 0 0.99941
0.317734 0 0.999412
0.31754 0 0.999413
0.317153 0 0.999414
0.316573 0 0.999415
0.31638 0 0.999417
0.316186 0 0.999419
0.315993 0 0.99942
0.315606 0 0.999421
0.315413 0 0.999422
0.315219 0 0.999424
0.314833 0 0.999425
0.314639 0 0.999427
0.314253 0 0.999428
0.314059 0 0.999429
0.313866 0 0.99943
0.313672 0 0.999431
0.313092 0 0.999434
0.312899 0 0.999435
0.312705 0 0.999438
0.312512 0 0.999439
0.312125 0 0.99944
0.311932 0 0.999441
0.311739 0 0.999442
0.311158 0 0.999443
0.310965 0 0.999446
0.310578 0 0.999449
0.309998 0 0.99945
0.309805 0 0.999452
0.309611 0 0.999456
0.309418 0 0.999457
0.309225 0 0.999458
0.308838 0 0.999461
0.308451 0 0.999462
0.308258 0 0.999463
0.307871 0 0.999466
0.307677 0 0.999467
0.307484 0 0.999468
0.307291 0 0.99947
0.306904 0 0.999473
0.306711 0 0.999475
0.306517 0 0.999477
0.306324 0 0.999479
0.305937 0 0.999481
0.305744 0 0.999485
0.305163 0 0.999486
0.30497 0 0.999487
0.304777 0 0.999488
0.30439 0 0.999489
0.304196 0 0.999493
0.304003 0 0.999494
0.30381 0 0.999497
0.303616 0 0.999498
0.303423 0 0.9995
0.30323 0 0.999502
0.302843 0 0.999503
0.302456 0 0.999504
0.302263 0 0.999506
0.301876 0 0.999507
0.300716 0 0.999509
0.300522 0 0.999512
0.299942 0 0.999515
0.299555 0 0.999516
0.299362 0 0.999519
0.299168 0 0.99952
0.298782 0 0.999521
0.298395 0 0.999522
0.298202 0 0.999523
0.297428 0 0.999524
0.297041 0 0.999525
0.296654 0 0.999526
0.296461 0 0.999528
0.295881 0 0.999532
0.295687 0 0.999534
0.295494 0 0.999535
0.294914 0 0.999536
0.294527 0 0.999537
0.29414 0 0.999539
0.293947 0 0.999544
0.29356 0 0.999546
0.293367 0 0.999547
0.293173 0 0.999549
0.292787 0 0.99955
0.2924 0 0.999552
0.292013 0 0.999553
0.291626 0 0.999554
0.29124 0 0.999556
0.291046 0 0.999557
0.290659 0 0.999559
0.290466 0 0.999561
0.290273 0 0.999562
0.289886 0 0.999563
0.289499 0 0.999565
0.289112 0 0.999568
0.288919 0 0.999569
0.288726 0 0.999571
0.288532 0 0.999572
0.288339 0 0.999574
0.287759 0 0.999575
0.287565 0 0.999576
0.287372 0 0.999578
0.287178 0 0.999579
0.286792 0 0.99958
0.286598 0 0.999581
0.286018 0 0.999583
0.285438 0 0.999584
0.285245 0 0.999585
0.285051 0 0.999586
0.284278 0 0.999587
0.284084 0 0.999588
0.283891 0 0.99959
0.283698 0 0.999591
0.283504 0 0.999592
0.283117 0 0.999593
0.282924 0 0.999594
0.282731 0 0.999595
0.281957 0 0.999596
0.28157 0 0.999597
0.280797 0 0.999598
0.280217 0 0.999599
0.280023 0 0.9996
0.279636 0 0.999603
0.279443 0 0.999605
0.27925 0 0.999606
0.279056 0 0.999607
0.27867 0 0.999608
0.278283 0 0.999609
0.277703 0 0.999611
0.277316 0 0.999613
0.276929 0 0.999614
0.276736 0 0.999617
0.276542 0 0.999618
0.276349 0 0.999626
0.275962 0 0.999629
0.275769 0 0.99963
0.275382 0 0.999632
0.275189 0 0.999633
0.274995 0 0.999635
0.274608 0 0.999638
0.274222 0 0.999639
0.273835 0 0.99964
0.273641 0 0.999642
0.273448 0 0.999643
0.273255 0 0.999644
0.272868 0 0.999645
0.272675 0 0.999646
0.272481 0 0.999647
0.272094 0 0.999649
0.271708 0 0.99965
0.271321 0 0.999651
0.271127 0 0.999652
0.270741 0 0.999653
0.270547 0 0.999654
0.270161 0 0.999655
0.269774 0 0.999656
0.269387 0 0.99966
0.269194 0 0.999663
0.269 0 0.999664
0.26842 0 0.999665
0.268227 0 0.999667
0.267453 0 0.999668
0.267066 0 0.999669
0.26668 0 0.99967
0.266293 0 0.999671
0.266099 0 0.999672
0.265713 0 0.999673
0.265519 0 0.999674
0.265132 0 0.999675
0.264746 0 0.999676
0.264552 0 0.999677
0.264359 0 0.99968
0.264166 0 0.999682
0.263972 0 0.999683
0.263199 0 0.999686
0.263005 0 0.999687
0.262812 0 0.999688
0.262618 0 0.999689
0.262425 0 0.999691
0.262038 0 0.999692
0.261652 0 0.999695
0.261458 0 0.999696
0.261265 0 0.999699
0.261071 0 0.9997
0.260491 0 0.999701
0.260298 0 0.999702
0.260104 0 0.999703
0.259524 0 0.999705
0.259331 0 0.999706
0.259137 0 0.999707
0.258557 0 0.999708
0.258171 0 0.999709
0.257977 0 0.99971
0.257784 0 0.999711
0.25701 0 0.999712
0.256817 0 0.999713
0.256623 0 0.999715
0.256043 0 0.999717
0.25585 0 0.999718
0.25527 0 0.999719
0.25469 0 0.99972
0.254496 0 0.999721
0.253529 0 0.999722
0.253336 0 0.999724
0.253143 0 0.999725
0.252949 0 0.999726
0.252756 0 0.999728
0.252562 0 0.99973
0.252369 0 0.999732
0.251789 0 0.999733
0.251402 0 0.999734
0.251015 0 0.999735
0.250629 0 0.999736
0.250435 0 0.999737
0.250048 0 0.999739
0.249855 0 0.99974
0.249662 0 0.999741
0.249468 0 0.999742
0.248888 0 0.999743
0.248695 0 0.999745
0.248308 0 0.999749
0.248114 0 0.99975
0.247341 0 0.999751
0.246567 0 0.999752
0.245794 0 0.999753
0.2456 0 0.999754
0.245214 0 0.999755
0.244634 0 0.999756
0.24386 0 0.999757
0.242893 0 0.999759
0.242506 0 0.99976
0.24212 0 0.999761
0.241926 0 0.999762
0.241733 0 0.999763
0.240959 0 0.999764
0.240766 0 0.999765
0.240572 0 0.999766
0.240186 0 0.999767
0.239605 0 0.999768
0.239025 0 0.999771
0.238639 0 0.999772
0.238058 0 0.999773
0.237865 0 0.999774
0.237478 0 0.999775
0.236898 0 0.999777
0.236511 0 0.999778
0.236318 0 0.999779
0.236125 0 0.99978
0.235544 0 0.999781
0.235158 0 0.999782
0.234771 0 0.999783
0.234191 0 0.999784
0.233997 0 0.999785
0.233417 0 0.999786
0.232257 0 0.999788
0.231677 0 0.999789
0.231483 0 0.99979
0.23129 0 0.999791
0.23071 0 0.999792
0.230516 0 0.999793
0.23013 0 0.999794
0.229936 0 0.999796
0.229163 0 0.999797
0.228776 0 0.999798
0.228582 0 0.999799
0.228002 0 0.9998
0.227809 0 0.999801
0.227616 0 0.999802
0.226842 0 0.999803
0.226649 0 0.999804
0.226262 0 0.999805
0.225875 0 0.999806
0.225682 0 0.999807
0.225102 0 0.999808
0.224715 0 0.999809
0.224328 0 0.99981
0.223748 0 0.999811
0.223361 0 0.999812
0.222781 0 0.999813
0.222394 0 0.999814
0.222007 0 0.999815
0.221814 0 0.999816
0.221234 0 0.999817
0.22046 0 0.999818
0.220267 0 0.999819
0.21988 0 0.99982
0.219493 0 0.999821
0.218913 0 0.999822
0.218333 0 0.999824
0.217946 0 0.999825
0.217753 0 0.999826
0.217173 0 0.999827
0.216593 0 0.999828
0.215626 0 0.999829
0.215432 0 0.99983
0.215239 0 0.999833
0.214852 0 0.999834
0.214465 0 0.999835
0.213305 0 0.999837
0.212918 0 0.999838
0.212725 0 0.999839
0.212531 0 0.99984
0.212338 0 0.999841
0.211951 0 0.999842
0.210791 0 0.999843
0.210017 0 0.999844
0.209631 0 0.999845
0.209244 0 0.999846
0.20847 0 0.999847
0.207697 0 0.999848
0.206536 0 0.999849
0.206343 0 0.99985
0.20615 0 0.999851
0.205763 0 0.999852
0.205183 0 0.999853
0.204409 0 0.999854
0.203829 0 0.999855
0.203442 0 0.999856
0.203056 0 0.999857
0.202475 0 0.999858
0.202089 0 0.999859
0.201508 0 0.99986
0.200928 0 0.999861
0.200541 0 0.999862
0.200155 0 0.999863
0.199961 0 0.999864
0.199188 0 0.999865
0.198801 0 0.999866
0.198221 0 0.999867
0.198027 0 0.999868
0.197834 0 0.999869
0.197061 0 0.99987
0.196867 0 0.999872
0.196287 0 0.999874
0.195707 0 0.999875
0.193966 0 0.999876
0.192419 0 0.999877
0.192226 0 0.999879
0.191066 0 0.99988
0.190872 0 0.999881
0.190485 0 0.999882
0.189905 0 0.999883
0.189325 0 0.999884
0.188938 0 0.999886
0.188358 0 0.999887
0.187778 0 0.999888
0.187391 0 0.999889
0.187198 0 0.99989
0.187004 0 0.999891
0.186231 0 0.999892
0.185264 0 0.999894
0.184684 0 0.999895
0.183717 0 0.999896
0.182943 0 0.999897
0.181976 0 0.999898
0.181783 0 0.999899
0.181203 0 0.9999
0.181009 0 0.999901
0.180236 0 0.999902
0.179849 0 0.999903
0.179076 0 0.999904
0.178495 0 0.999905
0.178109 0 0.999906
0.177722 0 0.999907
0.176755 0 0.999908
0.175788 0 0.999909
0.175015 0 0.99991
0.174241 0 0.999911
0.173274 0 0.999912
0.172887 0 0.999913
0.172114 0 0.999914
0.171727 0 0.999915
0.17134 0 0.999916
0.17076 0 0.999917
0.17018 0 0.999918
0.169793 0 0.999919
0.1696 0 0.99992
0.167859 0 0.999921
0.166699 0 0.999922
0.166119 0 0.999923
0.165345 0 0.999924
0.163605 0 0.999925
0.162251 0 0.999926
0.161284 0 0.999927
0.160511 0 0.999928
0.159544 0 0.999929
0.158577 0 0.99993
0.158383 0 0.999931
0.157223 0 0.999932
0.156643 0 0.999933
0.156063 0 0.999934
0.155289 0 0.999935
0.154516 0 0.999936
0.153935 0 0.999937
0.153549 0 0.999938
0.152775 0 0.999939
0.152195 0 0.99994
0.150841 0 0.999941
0.149874 0 0.999942
0.149294 0 0.999943
0.148714 0 0.999944
0.14678 0 0.999945
0.14504 0 0.999946
0.143299 0 0.999947
0.141945 0 0.999948
0.141172 0 0.999949
0.139818 0 0.99995
0.139238 0 0.999951
0.138271 0 0.999952
0.137498 0 0.999953
0.136724 0 0.999954
0.135564 0 0.999955
0.134984 0 0.999956
0.13421 0 0.999957
0.13305 0 0.999958
0.132083 0 0.999959
0.131309 0 0.99996
0.130342 0 0.999961
0.128602 0 0.999962
0.127055 0 0.999963
0.124154 0 0.999964
0.12222 0 0.999965
0.121253 0 0.999966
0.119126 0 0.999967
0.118159 0 0.999968
0.116999 0 0.999969
0.115838 0 0.99997
0.114678 0 0.999971
0.113324 0 0.999972
0.111004 0 0.999973
0.110037 0 0.999974
0.107909 0 0.999975
0.106362 0 0.999976
0.104429 0 0.999977
0.102688 0 0.999978
0.101334 0 0.999979
0.0984336 0 0.99998
0.0966931 0 0.999981
0.0941791 0 0.999982
0.092632 0 0.999983
0.0903114 0 0.999984
0.0879907 0 0.999985
0.0862502 0 0.999986
0.0839296 0 0.999987
0.0804487 0 0.999988
0.0767743 0 0.999989
0.0738735 0 0.99999
0.0703926 0 0.999991
0.0672984 0 0.999992
0.0609167 0 0.999993
0.0568555 0 0.999994
0.0527944 0 0.999995
0.0473796 0 0.999996
0.0442854 0 0.999997
0.0363566 0 0.999998
0.0266873 0 0.999999
0.0160511 0 1
0 0 1.79769e+308
