0.892284 217 0.40059
0.892284 216 0.400728
0.892284 215 0.400892
0.892091 215 0.405317
0.891897 215 0.405592
0.891897 214 0.406649
0.891897 213 0.407172
0.891704 213 0.407184
0.891704 212 0.407738
0.891704 211 0.409092
0.89151 211 0.409642
0.89151 210 0.409949
0.891317 210 0.41045
0.891317 209 0.411643
0.891317 208 0.412963
0.891317 207 0.413011
0.891124 207 0.413096
0.89093 207 0.413526
0.89093 206 0.414106
0.89093 205 0.414445
0.890737 205 0.414487
0.890737 204 0.414969
0.890737 203 0.415227
0.890543 203 0.415399
0.890543 202 0.415517
0.890543 201 0.416012
0.89035 201 0.416942
0.89035 200 0.41712
0.89035 199 0.417776
0.89035 198 0.418693
0.890157 198 0.419301
0.890157 197 0.420149
0.890157 196 0.420826
0.890157 195 0.421261
0.889963 195 0.421686
0.889963 194 0.421692
0.889963 193 0.42196
0.88977 193 0.423873
0.889576 193 0.423984
0.889576 192 0.424745
0.889383 192 0.42531
0.889383 191 0.42535
0.889383 190 0.425624
0.889383 189 0.426169
0.889383 188 0.426557
0.889383 187 0.426838
0.88919 187 0.426873
0.88919 186 0.426883
0.88919 185 0.42712
0.88919 184 0.428125
0.888996 184 0.428308
0.888803 184 0.42876
0.888803 183 0.429204
0.88861 183 0.429565
0.88861 182 0.429594
0.888416 182 0.429762
0.888416 181 0.429863
0.888416 180 0.430114
0.888416 179 0.43052
0.888416 178 0.431618
0.888223 178 0.431859
0.888029 178 0.434037
0.887836 178 0.434258
0.887643 178 0.434301
0.887449 178 0.435182
0.887449 177 0.435481
0.887449 176 0.435706
0.887256 176 0.436366
0.887062 176 0.437729
0.886869 176 0.438372
0.886869 175 0.439558
0.886676 175 0.440216
0.886482 175 0.444491
0.886289 175 0.446347
0.886289 174 0.44654
0.886289 173 0.447091
0.886289 172 0.4477
0.886289 171 0.447923
0.886289 170 0.449549
0.886096 170 0.450799
0.885902 170 0.451061
0.885902 169 0.451705
0.885902 168 0.451971
0.885902 167 0.452324
0.885709 167 0.452994
0.885515 167 0.453065
0.885322 167 0.453725
0.885129 167 0.4544
0.885129 166 0.454517
0.885129 165 0.456042
0.885129 164 0.457549
0.885129 163 0.458128
0.885129 162 0.459464
0.885129 161 0.460498
0.885129 160 0.461693
0.885129 159 0.461998
0.885129 158 0.462107
0.884935 158 0.462529
0.884742 158 0.462534
0.884742 157 0.462813
0.884548 157 0.463262
0.884548 156 0.463382
0.884355 156 0.463547
0.884355 155 0.464016
0.884162 155 0.464276
0.884162 154 0.464631
0.883968 154 0.464861
0.883775 154 0.465246
0.883775 153 0.46582
0.883775 152 0.465888
0.883775 151 0.466263
0.883582 151 0.466592
0.883388 151 0.46676
0.883195 151 0.466943
0.883001 151 0.467222
0.883001 150 0.467732
0.882808 150 0.468743
0.882808 149 0.468806
0.882615 149 0.471083
0.882615 148 0.471139
0.882421 148 0.471646
0.882421 147 0.471957
0.882228 147 0.472017
0.882228 146 0.472708
0.882228 145 0.472975
0.882034 145 0.474215
0.882034 144 0.475381
0.882034 143 0.475478
0.882034 142 0.477041
0.881841 142 0.477099
0.881648 142 0.477886
0.881454 142 0.477974
0.881261 142 0.478194
0.881067 142 0.47826
0.880874 142 0.479622
0.880874 141 0.480486
0.880681 141 0.480584
0.880487 141 0.480592
0.880487 140 0.481216
0.880294 140 0.481381
0.880294 139 0.482199
0.880101 139 0.48245
0.880101 138 0.482453
0.880101 137 0.482811
0.880101 136 0.485508
0.879907 136 0.487597
0.879907 135 0.488126
0.879714 135 0.48845
0.879714 134 0.488488
0.879714 133 0.48856
0.879714 132 0.489097
0.879714 131 0.490197
0.879714 130 0.490505
0.879714 129 0.491742
0.87952 129 0.492594
0.879327 129 0.492766
0.879327 128 0.493979
0.879134 128 0.494402
0.87894 128 0.49475
0.87894 127 0.495446
0.87894 126 0.495603
0.878747 126 0.495787
0.878747 125 0.496347
0.878747 124 0.496408
0.878553 124 0.496847
0.878553 123 0.498549
0.87836 123 0.498946
0.87836 122 0.499798
0.878553 120 0.499874
0.87836 120 0.500733
0.87836 119 0.502498
0.878167 119 0.502511
0.877973 119 0.502697
0.877973 118 0.503873
0.87778 118 0.50421
0.877587 118 0.504749
0.877393 118 0.504921
0.8772 118 0.505102
0.877006 118 0.505861
0.876813 118 0.506965
0.876813 117 0.507517
0.87662 117 0.507633
0.87662 116 0.508068
0.87662 115 0.508133
0.876426 115 0.508425
0.876426 114 0.5092
0.876426 113 0.510525
0.876426 112 0.510716
0.876233 112 0.511309
0.876039 112 0.511829
0.875846 112 0.512258
0.875846 111 0.512857
0.875846 110 0.513102
0.875653 110 0.514192
0.875459 110 0.514863
0.875459 109 0.515267
0.875459 108 0.515404
0.875459 107 0.515428
0.875459 106 0.516431
0.875266 106 0.517098
0.875073 106 0.518609
0.875073 105 0.51955
0.874879 105 0.520434
0.874879 104 0.520502
0.874686 104 0.520798
0.874492 104 0.520848
0.874299 104 0.52298
0.874299 103 0.523794
0.874106 103 0.524596
0.873912 103 0.525315
0.873719 103 0.525662
0.873525 103 0.526714
0.873525 102 0.526757
0.873332 102 0.526793
0.873139 102 0.527997
0.872945 102 0.528244
0.872945 101 0.528944
0.872945 100 0.52922
0.872752 100 0.529278
0.872558 100 0.532464
0.872365 100 0.532708
0.872365 99 0.533509
0.872172 99 0.534039
0.871978 99 0.534187
0.871785 99 0.534449
0.871592 99 0.534761
0.871398 99 0.535341
0.871205 99 0.53559
0.871011 99 0.536124
0.870818 99 0.537623
0.870818 98 0.537854
0.870818 97 0.537895
0.870818 96 0.539318
0.870625 96 0.539481
0.870431 96 0.539769
0.870238 96 0.540506
0.870238 95 0.542589
0.870044 95 0.543744
0.869851 95 0.544845
0.869658 95 0.545363
0.869658 94 0.546058
0.869658 93 0.546089
0.869464 93 0.546699
0.869464 92 0.547185
0.869271 92 0.548465
0.869271 91 0.54903
0.869078 91 0.549082
0.868884 91 0.54998
0.868691 91 0.550288
0.868497 91 0.552119
0.868304 91 0.552467
0.868111 91 0.552612
0.867917 91 0.553127
0.867724 91 0.553793
0.86753 91 0.553853
0.867337 91 0.554515
0.867337 90 0.554571
0.867144 90 0.55461
0.86695 90 0.5555
0.866757 90 0.556379
0.866564 90 0.556465
0.86637 90 0.557068
0.866177 90 0.557125
0.865983 90 0.558542
0.86579 90 0.559408
0.86579 89 0.559576
0.865597 89 0.559767
0.865403 89 0.561294
0.865403 88 0.562007
0.86521 88 0.562255
0.865016 88 0.562791
0.864823 88 0.563049
0.864823 87 0.563839
0.86463 87 0.563898
0.864436 87 0.565135
0.864243 87 0.56572
0.86405 87 0.566844
0.86405 86 0.569118
0.863856 86 0.56961
0.863856 85 0.57023
0.863663 85 0.570274
0.863469 85 0.571067
0.863276 85 0.572429
0.863083 85 0.573092
0.862889 85 0.573908
0.862696 85 0.574283
0.862696 84 0.574534
0.862502 84 0.575822
0.862309 84 0.576056
0.862116 84 0.577934
0.861922 84 0.578018
0.861922 83 0.578366
0.861729 83 0.57963
0.861729 82 0.580725
0.861729 81 0.581317
0.861535 81 0.581387
0.861342 81 0.581579
0.861149 81 0.582296
0.861149 80 0.584943
0.860955 80 0.585479
0.860955 79 0.587219
0.860762 79 0.587912
0.860375 79 0.588646
0.860182 79 0.588722
0.860182 78 0.589912
0.859988 78 0.591735
0.859795 78 0.594097
0.859602 78 0.594189
0.859408 78 0.594294
0.859215 78 0.5961
0.859021 78 0.596717
0.859021 77 0.596914
0.858828 77 0.597626
0.858828 76 0.597811
0.858828 75 0.598682
0.858635 75 0.599307
0.858248 75 0.602849
0.858055 75 0.603427
0.857861 75 0.60372
0.857668 75 0.604603
0.857668 74 0.607358
0.857474 74 0.607444
0.857474 73 0.608771
0.857281 73 0.609542
0.857088 73 0.611017
0.856894 73 0.611531
0.856701 73 0.611967
0.856701 72 0.612473
0.856507 72 0.612974
0.856314 72 0.614152
0.856314 71 0.614775
0.856121 71 0.614821
0.855927 71 0.614869
0.855734 71 0.61597
0.855541 71 0.616398
0.855347 71 0.616768
0.855154 71 0.617109
0.85496 71 0.618191
0.854767 71 0.618419
0.854574 71 0.618664
0.85438 71 0.619117
0.854187 71 0.619914
0.854187 70 0.620324
0.854187 69 0.621668
0.854187 68 0.622341
0.853993 68 0.623308
0.8538 68 0.624135
0.853607 68 0.625361
0.853413 68 0.626074
0.85322 68 0.626191
0.85322 67 0.626311
0.853026 67 0.626432
0.852833 67 0.626819
0.85264 67 0.628043
0.852446 67 0.628313
0.852253 67 0.628556
0.85206 67 0.628823
0.851866 67 0.630019
0.851673 67 0.630999
0.851479 67 0.632128
0.851286 67 0.633952
0.851093 67 0.634975
0.850899 67 0.635356
0.850706 67 0.637729
0.850512 67 0.638315
0.850319 67 0.639556
0.850126 67 0.639734
0.850126 66 0.639872
0.849932 66 0.640177
0.849739 66 0.641131
0.849546 66 0.642557
0.849546 65 0.643736
0.849352 65 0.643742
0.849159 65 0.644437
0.849159 64 0.64465
0.849159 63 0.645421
0.849159 62 0.64581
0.848965 62 0.64667
0.848772 62 0.64669
0.848579 62 0.646741
0.848579 61 0.648069
0.848385 61 0.649063
0.848192 61 0.65105
0.847998 61 0.65206
0.847805 61 0.652737
0.847612 61 0.652764
0.847418 61 0.653078
0.847418 60 0.653394
0.847225 60 0.65355
0.847032 60 0.655533
0.846838 60 0.655731
0.846645 60 0.656399
0.846451 60 0.657993
0.846258 60 0.658073
0.846065 60 0.658304
0.845871 60 0.660746
0.845678 60 0.661121
0.845484 60 0.662297
0.845291 60 0.663937
0.845291 59 0.665041
0.845098 59 0.665422
0.845098 58 0.666034
0.844904 58 0.667492
0.844711 58 0.667688
0.844518 58 0.668056
0.844518 57 0.670097
0.844324 57 0.672347
0.844131 57 0.672534
0.843937 57 0.67314
0.843744 57 0.673524
0.843551 57 0.674303
0.843357 57 0.675478
0.843164 57 0.67558
0.84297 57 0.676185
0.842777 57 0.677121
0.842584 57 0.677248
0.84239 57 0.677508
0.842197 57 0.677971
0.842197 56 0.678247
0.842003 56 0.678901
0.84181 56 0.679153
0.841617 56 0.679349
0.841423 56 0.680187
0.84123 56 0.683098
0.841037 56 0.683158
0.840843 56 0.684708
0.840843 55 0.684777
0.840843 54 0.686476
0.84065 54 0.686515
0.84065 53 0.686907
0.840456 53 0.688179
0.840263 53 0.68845
0.84007 53 0.688818
0.839876 53 0.689566
0.839876 52 0.690081
0.839683 52 0.690395
0.839489 52 0.691289
0.839296 52 0.693016
0.839103 52 0.693954
0.838909 52 0.695797
0.838716 52 0.696552
0.838523 52 0.696674
0.838329 52 0.698042
0.838136 52 0.698322
0.837942 52 0.698651
0.837749 52 0.699077
0.837556 52 0.699369
0.837362 52 0.699607
0.837169 52 0.70055
0.836975 52 0.700553
0.836782 52 0.700818
0.836589 52 0.701354
0.836395 52 0.701556
0.836202 52 0.701909
0.836009 52 0.70286
0.835815 52 0.703554
0.835622 52 0.705001
0.835428 52 0.705108
0.835235 52 0.705536
0.835042 52 0.705856
0.834848 52 0.707182
0.834655 52 0.707201
0.834461 52 0.707235
0.834461 51 0.708358
0.834461 50 0.709074
0.834268 50 0.709505
0.834075 50 0.709818
0.833881 50 0.710876
0.833688 50 0.71203
0.833494 50 0.713331
0.833301 50 0.713948
0.833108 50 0.714058
0.832914 50 0.714243
0.832721 50 0.715178
0.832528 50 0.715214
0.832334 50 0.716148
0.832141 50 0.716376
0.832141 49 0.7164
0.832141 48 0.716675
0.831947 48 0.716972
0.831754 48 0.718245
0.831561 48 0.718486
0.831367 48 0.719993
0.831174 48 0.720015
0.831174 47 0.720047
0.83098 47 0.720156
0.83098 46 0.72063
0.830787 46 0.721079
0.830594 46 0.721118
0.8304 46 0.722733
0.830207 46 0.722878
0.830014 46 0.723952
0.82982 46 0.72545
0.82982 45 0.725996
0.829627 45 0.726133
0.829433 45 0.726639
0.82924 45 0.726763
0.82924 44 0.727082
0.829047 44 0.727516
0.828853 44 0.728532
0.82866 44 0.728802
0.828466 44 0.729312
0.828273 44 0.730558
0.82808 44 0.730825
0.827886 44 0.731135
0.827693 44 0.732442
0.8275 44 0.733259
0.827306 44 0.73354
0.827113 44 0.734067
0.826919 44 0.734536
0.826726 44 0.735078
0.826533 44 0.735784
0.826339 44 0.736388
0.826146 44 0.736436
0.825952 44 0.737278
0.825759 44 0.737503
0.825566 44 0.737736
0.825566 43 0.738067
0.825372 43 0.738298
0.825372 42 0.740349
0.825179 42 0.740515
0.824985 42 0.741198
0.824792 42 0.742017
0.824599 42 0.742242
0.824405 42 0.743002
0.824405 41 0.743228
0.824212 41 0.744171
0.824212 40 0.745183
0.824019 40 0.746081
0.823825 40 0.746546
0.823632 40 0.746792
0.823438 40 0.746921
0.823245 40 0.746956
0.823052 40 0.747966
0.822858 40 0.750312
0.822665 40 0.750619
0.822471 40 0.750787
0.822278 40 0.753777
0.822085 40 0.75678
0.821891 40 0.757017
0.821698 40 0.758877
0.821505 40 0.759123
0.821311 40 0.759479
0.821118 40 0.759826
0.820924 40 0.760521
0.820731 40 0.761141
0.820731 39 0.761563
0.820538 39 0.761568
0.820344 39 0.761839
0.820151 39 0.761952
0.819957 39 0.763174
0.819764 39 0.763473
0.819571 39 0.763741
0.819377 39 0.763809
0.818991 39 0.763869
0.818797 39 0.764045
0.818604 39 0.764157
0.81841 39 0.764283
0.818217 39 0.764769
0.818024 39 0.764897
0.817637 39 0.765235
0.817637 38 0.765729
0.817443 38 0.766046
0.81725 38 0.76626
0.817057 38 0.766715
0.816863 38 0.767597
0.816863 37 0.767737
0.81667 37 0.769383
0.816477 37 0.769812
0.816477 36 0.769822
0.816477 35 0.772166
0.816477 34 0.772466
0.816283 34 0.772889
0.81609 34 0.773076
0.815896 34 0.776712
0.815703 34 0.778512
0.81551 34 0.779095
0.815316 34 0.779483
0.815123 34 0.779593
0.814929 34 0.779857
0.814736 34 0.779963
0.814543 34 0.779979
0.814349 34 0.781837
0.814156 34 0.783605
0.813962 34 0.783702
0.813769 34 0.784142
0.813576 34 0.785744
0.813382 34 0.786011
0.813189 34 0.786676
0.812996 34 0.786982
0.812802 34 0.788058
0.812609 34 0.788525
0.812415 34 0.788555
0.812415 33 0.788825
0.812222 33 0.789007
0.812222 32 0.789031
0.812029 32 0.789224
0.811835 32 0.790345
0.811642 32 0.790479
0.811448 32 0.79134
0.811255 32 0.791651
0.811062 32 0.791821
0.810868 32 0.792655
0.810675 32 0.793885
0.810675 31 0.794999
0.810482 31 0.796411
0.810482 30 0.797485
0.810482 29 0.797551
0.810288 29 0.797566
0.810095 29 0.79799
0.810095 28 0.798241
0.809901 28 0.798412
0.809708 28 0.798573
0.809515 28 0.798664
0.809321 28 0.799621
0.809321 27 0.800157
0.809128 27 0.800574
0.808934 27 0.800958
0.808741 27 0.801428
0.808548 27 0.801604
0.808354 27 0.801905
0.808161 27 0.802105
0.807968 27 0.802628
0.807774 27 0.803028
0.807581 27 0.803048
0.807387 27 0.803166
0.807194 27 0.803203
0.807001 27 0.803438
0.806807 27 0.804436
0.806614 27 0.804461
0.806614 26 0.804591
0.80642 26 0.804784
0.806227 26 0.804949
0.806034 26 0.806265
0.80584 26 0.806344
0.805647 26 0.806399
0.805453 26 0.806401
0.80526 26 0.806657
0.805067 26 0.807164
0.804873 26 0.807283
0.80468 26 0.808153
0.80468 25 0.808437
0.804487 25 0.808512
0.804293 25 0.809652
0.804293 24 0.809748
0.8041 24 0.810776
0.803906 24 0.810897
0.803713 24 0.810941
0.80352 24 0.811564
0.803326 24 0.812467
0.803133 24 0.812831
0.802939 24 0.814262
0.802746 24 0.814553
0.802553 24 0.81484
0.802359 24 0.815145
0.802359 23 0.815184
0.802166 23 0.815199
0.801973 23 0.815307
0.801779 23 0.815394
0.801586 23 0.815495
0.801392 23 0.815968
0.801199 23 0.816376
0.801006 23 0.81681
0.800812 23 0.816887
0.800619 23 0.817027
0.800425 23 0.817062
0.800232 23 0.817404
0.800039 23 0.817974
0.799845 23 0.818173
0.799652 23 0.818456
0.799459 23 0.819006
0.799265 23 0.819321
0.799265 22 0.819594
0.799265 21 0.81981
0.799072 21 0.819816
0.798878 21 0.820033
0.798878 20 0.820252
0.798685 20 0.820389
0.798492 20 0.82177
0.798298 20 0.821832
0.798298 19 0.82187
0.798105 19 0.822057
0.797911 19 0.822324
0.797911 18 0.823005
0.797718 18 0.823302
0.797525 18 0.823483
0.797525 17 0.823497
0.797331 17 0.823549
0.797138 17 0.825809
0.796944 17 0.826501
0.796944 16 0.827014
0.796751 16 0.827539
0.796558 16 0.827677
0.796364 16 0.828013
0.796171 16 0.828509
0.795978 16 0.828794
0.795784 16 0.829324
0.795591 16 0.829732
0.795397 16 0.829847
0.795204 16 0.830108
0.795011 16 0.830305
0.794817 16 0.831895
0.794817 15 0.832444
0.794624 15 0.833085
0.79443 15 0.833874
0.794237 15 0.833891
0.794044 15 0.834024
0.79385 15 0.834224
0.79385 14 0.834522
0.793657 14 0.834885
0.793464 14 0.835359
0.793464 13 0.836233
0.79327 13 0.836293
0.793077 13 0.836324
0.792883 13 0.836865
0.79269 13 0.837444
0.792497 13 0.83807
0.792303 13 0.83836
0.79211 13 0.838569
0.791916 13 0.838621
0.791723 13 0.838849
0.79153 13 0.838881
0.79153 12 0.839231
0.791336 12 0.839336
0.791143 12 0.839438
0.79095 12 0.839484
0.790756 12 0.840116
0.790563 12 0.840702
0.790369 12 0.841115
0.790176 12 0.841487
0.789983 12 0.841559
0.789789 12 0.841863
0.789596 12 0.842358
0.789402 12 0.843743
0.789209 12 0.844007
0.789016 12 0.844478
0.788822 12 0.845574
0.788629 12 0.845706
0.788436 12 0.845729
0.788242 12 0.845986
0.788049 12 0.846019
0.787855 12 0.846348
0.787662 12 0.84635
0.787469 12 0.846592
0.787275 12 0.84665
0.787082 12 0.846787
0.786888 12 0.847885
0.786695 12 0.848217
0.786502 12 0.848371
0.786308 12 0.849173
0.786115 12 0.849283
0.785921 12 0.849364
0.785728 12 0.850232
0.785535 12 0.850301
0.785535 11 0.850718
0.785341 11 0.850829
0.785341 10 0.85197
0.785148 10 0.852091
0.784955 10 0.852479
0.784761 10 0.852854
0.784568 10 0.852876
0.784374 10 0.852943
0.784181 10 0.852997
0.783988 10 0.85316
0.783794 10 0.853534
0.783601 10 0.853574
0.783407 10 0.853604
0.783214 10 0.853866
0.783021 10 0.853869
0.782827 10 0.854563
0.782634 10 0.854739
0.782441 10 0.855375
0.782247 10 0.855469
0.782054 10 0.856079
0.78186 10 0.856302
0.781667 10 0.856604
0.781474 10 0.857065
0.78128 10 0.857147
0.781087 10 0.857258
0.780893 10 0.857755
0.7807 10 0.85793
0.780507 10 0.85803
0.780313 10 0.858163
0.78012 10 0.858259
0.779927 10 0.858683
0.779733 10 0.860117
0.77954 10 0.8602
0.779346 10 0.86102
0.779153 10 0.861274
0.77896 10 0.862074
0.778766 10 0.862383
0.778573 10 0.862532
0.778379 10 0.8631
0.778186 10 0.863264
0.777993 10 0.863326
0.777799 10 0.863428
0.777606 10 0.863837
0.777412 10 0.863894
0.777219 10 0.864118
0.777026 10 0.865057
0.776832 10 0.86545
0.776639 10 0.866553
0.776446 10 0.866862
0.776252 10 0.867104
0.776059 10 0.867668
0.775865 10 0.867881
0.775672 10 0.868038
0.775479 10 0.868742
0.775285 10 0.868851
0.775285 9 0.869033
0.775092 9 0.869226
0.774898 9 0.869285
0.774705 9 0.869564
0.774512 9 0.869717
0.774318 9 0.870569
0.774125 9 0.870857
0.773932 9 0.870912
0.773738 9 0.870931
0.773545 9 0.871385
0.773351 9 0.871502
0.773158 9 0.872311
0.773158 8 0.872402
0.772965 8 0.872513
0.772771 8 0.872864
0.772578 8 0.872917
0.772384 8 0.873155
0.772191 8 0.873468
0.771998 8 0.873829
0.771804 8 0.873888
0.771611 8 0.874814
0.771418 8 0.875132
0.771224 8 0.875287
0.771031 8 0.875688
0.770837 8 0.875715
0.770644 8 0.876328
0.770451 8 0.876689
0.770257 8 0.878329
0.770064 8 0.87835
0.76987 8 0.878416
0.769677 8 0.878624
0.769484 8 0.878761
0.76929 8 0.878791
0.769097 8 0.879078
0.768904 8 0.879203
0.76871 8 0.87926
0.768517 8 0.879426
0.768323 8 0.879434
0.76813 8 0.879816
0.767937 8 0.879842
0.767743 8 0.879843
0.76755 8 0.880178
0.767356 8 0.880394
0.767163 8 0.880539
0.76697 8 0.880777
0.76697 7 0.880931
0.766776 7 0.881019
0.766583 7 0.881128
0.766389 7 0.881348
0.766196 7 0.88139
0.766003 7 0.881826
0.765809 7 0.881905
0.765616 7 0.881943
0.765423 7 0.88234
0.765229 7 0.882372
0.765036 7 0.882928
0.764842 7 0.883
0.764649 7 0.883027
0.764456 7 0.883379
0.764262 7 0.883687
0.764069 7 0.884045
0.763875 7 0.884156
0.763682 7 0.884248
0.763489 7 0.884658
0.763295 7 0.884814
0.763102 7 0.885098
0.762909 7 0.885607
0.762715 7 0.885736
0.762522 7 0.885839
0.762328 7 0.885877
0.762135 7 0.886498
0.761942 7 0.886938
0.761942 6 0.887042
0.761748 6 0.887152
0.761555 6 0.887199
0.761361 6 0.887251
0.761168 6 0.887302
0.760975 6 0.887606
0.760781 6 0.887676
0.760588 6 0.888415
0.760588 5 0.888929
0.760395 5 0.889088
0.760201 5 0.889168
0.760008 5 0.889749
0.759814 5 0.889835
0.759621 5 0.890607
0.759428 5 0.891308
0.759234 5 0.891373
0.759041 5 0.891422
0.758847 5 0.891503
0.758654 5 0.891554
0.758461 5 0.891642
0.758267 5 0.891784
0.758074 5 0.892378
0.75788 5 0.892716
0.757687 5 0.893066
0.757494 5 0.893165
0.7573 5 0.893401
0.757107 5 0.893607
0.756914 5 0.893927
0.75672 5 0.894281
0.756527 5 0.89462
0.756333 5 0.894665
0.75614 5 0.894883
0.755947 5 0.895152
0.755753 5 0.895998
0.75556 5 0.896155
0.755366 5 0.896198
0.755173 5 0.896207
0.75498 5 0.896234
0.754786 5 0.89643
0.754593 5 0.896452
0.7544 5 0.896798
0.754206 5 0.896867
0.754013 5 0.896919
0.753819 5 0.897147
0.753626 5 0.897734
0.753433 5 0.897825
0.753239 5 0.898446
0.753046 5 0.898452
0.752852 5 0.898483
0.752659 5 0.898611
0.752466 5 0.899326
0.752272 5 0.899676
0.752079 5 0.899878
0.751886 5 0.899894
0.751692 5 0.900145
0.751499 5 0.900287
0.751305 5 0.900482
0.751112 5 0.900647
0.750919 5 0.901091
0.750725 5 0.901575
0.750532 5 0.90159
0.750532 4 0.90172
0.750338 4 0.90173
0.750145 4 0.90192
0.749952 4 0.902113
0.749758 4 0.902509
0.749565 4 0.902785
0.749371 4 0.903252
0.749178 4 0.903469
0.748985 4 0.903957
0.748791 4 0.904496
0.748598 4 0.904723
0.748405 4 0.905135
0.748211 4 0.905371
0.748018 4 0.905416
0.747824 4 0.905578
0.747631 4 0.906514
0.747438 4 0.906531
0.747244 4 0.90699
0.747051 4 0.907161
0.746857 4 0.90738
0.746664 4 0.907451
0.746471 4 0.907481
0.746277 4 0.907807
0.746084 4 0.907869
0.745891 4 0.908176
0.745697 4 0.908224
0.745504 4 0.908234
0.745504 3 0.908237
0.74531 3 0.908543
0.745117 3 0.908593
0.744924 3 0.909129
0.74473 3 0.909292
0.744537 3 0.9096
0.744343 3 0.909647
0.74415 3 0.910213
0.743957 3 0.910247
0.743763 3 0.910398
0.74357 3 0.910749
0.743377 3 0.910959
0.743183 3 0.911184
0.74299 3 0.911276
0.742796 3 0.911353
0.742603 3 0.912272
0.74241 3 0.912387
0.742216 3 0.912469
0.742023 3 0.912565
0.741829 3 0.912667
0.741636 3 0.912768
0.741443 3 0.912939
0.741249 3 0.91311
0.741056 3 0.913112
0.740863 3 0.913143
0.740669 3 0.91323
0.740476 3 0.913407
0.740282 3 0.913831
0.740089 3 0.914421
0.739896 3 0.914928
0.739702 3 0.915201
0.739509 3 0.915215
0.739315 3 0.915432
0.739122 3 0.915843
0.738929 3 0.916125
0.738735 3 0.916233
0.738542 3 0.916238
0.738348 3 0.916245
0.738155 3 0.91625
0.737962 3 0.916273
0.737768 3 0.916285
0.737575 3 0.916305
0.737382 3 0.916453
0.737188 3 0.916492
0.736995 3 0.91674
0.736801 3 0.917337
0.736608 3 0.917412
0.736415 3 0.917505
0.736221 3 0.917794
0.736028 3 0.91793
0.735834 3 0.918191
0.735641 3 0.918231
0.735448 3 0.918349
0.735254 3 0.919164
0.735061 3 0.919817
0.734868 3 0.920115
0.734674 3 0.920127
0.734481 3 0.920452
0.734287 3 0.920476
0.734094 3 0.920719
0.733901 3 0.920734
0.733707 3 0.920795
0.733514 3 0.92083
0.73332 3 0.92086
0.733127 3 0.920949
0.732934 3 0.921127
0.73274 3 0.921292
0.732547 3 0.92143
0.732354 3 0.92149
0.73216 3 0.921685
0.731967 3 0.921697
0.731773 3 0.921702
0.73158 3 0.921709
0.731387 3 0.921752
0.731193 3 0.921814
0.731 3 0.921832
0.730806 3 0.922287
0.730613 3 0.922442
0.73042 3 0.922673
0.730226 3 0.922762
0.730033 3 0.922769
0.729839 3 0.922825
0.729646 3 0.922934
0.729453 3 0.922989
0.729259 3 0.92317
0.729066 3 0.923382
0.728873 3 0.923387
0.728679 3 0.923542
0.728486 3 0.923568
0.728292 3 0.923683
0.728099 3 0.923765
0.727906 3 0.923863
0.727712 3 0.924331
0.727519 3 0.92437
0.727325 3 0.925082
0.727132 3 0.925477
0.726939 3 0.925629
0.726745 3 0.925733
0.726552 3 0.926073
0.726359 3 0.926093
0.726165 3 0.926149
0.725972 3 0.926177
0.725778 3 0.926411
0.725585 3 0.926484
0.725392 3 0.926516
0.725198 3 0.926797
0.725005 3 0.926865
0.724811 3 0.926918
0.724618 3 0.927091
0.724425 3 0.927271
0.724231 3 0.927459
0.723845 3 0.927573
0.723651 3 0.927743
0.723458 3 0.927812
0.723264 3 0.927919
0.723071 3 0.928053
0.722878 3 0.928059
0.722684 3 0.928103
0.722491 3 0.928166
0.722297 3 0.92837
0.722104 3 0.928699
0.721911 3 0.928959
0.721717 3 0.929151
0.721524 3 0.929562
0.72133 3 0.929866
0.721137 3 0.93049
0.720944 3 0.930493
0.72075 3 0.930513
0.720557 3 0.930665
0.720364 3 0.93085
0.72017 3 0.930892
0.719977 3 0.930931
0.719783 3 0.931017
0.71959 3 0.931381
0.719397 3 0.931473
0.719203 3 0.931652
0.71901 3 0.931772
0.718816 3 0.931851
0.718623 3 0.931888
0.71843 3 0.931919
0.718236 3 0.931954
0.718043 3 0.932123
0.71785 3 0.932208
0.717656 3 0.932281
0.717463 3 0.932551
0.717269 3 0.9326
0.717076 3 0.933128
0.716883 3 0.933215
0.716689 3 0.933277
0.716496 3 0.933444
0.716302 3 0.933568
0.716109 3 0.933684
0.715916 3 0.933868
0.715722 3 0.933962
0.715529 3 0.933981
0.715336 3 0.934179
0.715142 3 0.934477
0.714949 3 0.934481
0.714755 3 0.934541
0.714562 3 0.934596
0.714369 3 0.93462
0.714175 3 0.935522
0.713982 3 0.935541
0.713788 3 0.935814
0.713595 3 0.935831
0.713402 3 0.935832
0.713208 3 0.935939
0.713015 3 0.936055
0.712822 3 0.936363
0.712628 3 0.936807
0.712435 3 0.937005
0.712241 3 0.937007
0.712048 3 0.937008
0.711855 3 0.937142
0.711661 3 0.937192
0.711468 3 0.937233
0.711274 3 0.937253
0.711081 3 0.937595
0.710888 3 0.937683
0.710694 3 0.937864
0.710501 3 0.938115
0.710307 3 0.938132
0.710114 3 0.938143
0.709921 3 0.938246
0.709727 3 0.938334
0.709534 3 0.938477
0.709534 2 0.938588
0.709341 2 0.938878
0.709147 2 0.939057
0.708954 2 0.939236
0.70876 2 0.939368
0.708567 2 0.940055
0.708374 2 0.940125
0.70818 2 0.940189
0.707987 2 0.940365
0.707793 2 0.940761
0.7076 2 0.940844
0.707407 2 0.94096
0.707213 2 0.941017
0.70702 2 0.941028
0.706827 2 0.941198
0.706633 2 0.941622
0.70644 2 0.941672
0.706246 2 0.941711
0.706053 2 0.941977
0.70586 2 0.941982
0.705666 2 0.94202
0.705473 2 0.942067
0.705279 2 0.942304
0.705086 2 0.942439
0.704893 2 0.942465
0.704699 2 0.942795
0.704506 2 0.943051
0.704313 2 0.943323
0.704119 2 0.943408
0.703926 2 0.943817
0.703926 1 0.943895
0.703732 1 0.944153
0.703539 1 0.944239
0.703346 1 0.944389
0.703152 1 0.944413
0.702959 1 0.944577
0.702765 1 0.944674
0.702572 1 0.944785
0.702379 1 0.944832
0.702185 1 0.944914
0.701992 1 0.944953
0.701798 1 0.945298
0.701605 1 0.945497
0.701412 1 0.945651
0.701218 1 0.945657
0.701025 1 0.94571
0.700832 1 0.945942
0.700638 1 0.946217
0.700445 1 0.946246
0.700251 1 0.946533
0.700058 1 0.946536
0.699865 1 0.94663
0.699671 1 0.946729
0.699478 1 0.94678
0.699284 1 0.947117
0.699091 1 0.947662
0.698898 1 0.947961
0.698704 1 0.947964
0.698511 1 0.947998
0.698318 1 0.948257
0.698124 1 0.948373
0.697931 1 0.948601
0.697737 1 0.948652
0.697544 1 0.948654
0.697351 1 0.948674
0.697157 1 0.948681
0.696964 1 0.948839
0.69677 1 0.948857
0.696577 1 0.948922
0.696384 1 0.948978
0.69619 1 0.948999
0.695997 1 0.949056
0.695804 1 0.94925
0.69561 1 0.949267
0.695417 1 0.949383
0.695223 1 0.949582
0.69503 1 0.949706
0.694837 1 0.94991
0.694643 1 0.949924
0.69445 1 0.949933
0.694256 1 0.949984
0.694063 1 0.949987
0.69387 1 0.950064
0.693676 1 0.950273
0.693483 1 0.950304
0.693289 1 0.950543
0.693096 1 0.950828
0.692903 1 0.950834
0.692709 1 0.951013
0.692516 1 0.951183
0.692323 1 0.951289
0.692129 1 0.951488
0.691936 1 0.951513
0.691742 1 0.951645
0.691549 1 0.951693
0.691356 1 0.951761
0.691162 1 0.951791
0.690969 1 0.951865
0.690775 1 0.951939
0.690582 1 0.952056
0.690389 1 0.952068
0.690195 1 0.952163
0.690002 1 0.952421
0.689809 1 0.952429
0.689615 1 0.952511
0.689422 1 0.95263
0.689228 1 0.952915
0.689035 1 0.953028
0.688842 1 0.95334
0.688648 1 0.953519
0.688455 1 0.953686
0.688261 1 0.953708
0.688068 1 0.953813
0.687875 1 0.953897
0.687681 1 0.954067
0.687488 1 0.954095
0.687295 1 0.954162
0.687101 1 0.954239
0.686908 1 0.954258
0.686714 1 0.954357
0.686521 1 0.95463
0.686328 1 0.954716
0.686134 1 0.955418
0.685941 1 0.95559
0.685747 1 0.955666
0.685554 1 0.955668
0.685361 1 0.955732
0.685361 0 0.955761
0.685167 0 0.955866
0.684974 0 0.955879
0.684781 0 0.956094
0.684587 0 0.956113
0.684394 0 0.956237
0.6842 0 0.956369
0.684007 0 0.95637
0.683814 0 0.956544
0.68362 0 0.956677
0.683427 0 0.956745
0.683233 0 0.956754
0.68304 0 0.956835
0.682847 0 0.956928
0.682653 0 0.957064
0.68246 0 0.95725
0.682266 0 0.957275
0.682073 0 0.957288
0.68188 0 0.957319
0.681686 0 0.957334
0.681493 0 0.957358
0.6813 0 0.957528
0.681106 0 0.957617
0.680913 0 0.957632
0.680719 0 0.957668
0.680526 0 0.957697
0.680333 0 0.958073
0.680139 0 0.95811
0.679946 0 0.958181
0.679752 0 0.958183
0.679559 0 0.958355
0.679366 0 0.958391
0.679172 0 0.95853
0.678979 0 0.958642
0.678786 0 0.958744
0.678592 0 0.958855
0.678399 0 0.959031
0.678205 0 0.959045
0.678012 0 0.959076
0.677819 0 0.959224
0.677625 0 0.959313
0.677432 0 0.959388
0.677238 0 0.959405
0.677045 0 0.959425
0.676852 0 0.959672
0.676658 0 0.959705
0.676465 0 0.959765
0.676272 0 0.959813
0.676078 0 0.959872
0.675885 0 0.95988
0.675691 0 0.959912
0.675498 0 0.959938
0.675305 0 0.959979
0.675111 0 0.960053
0.674918 0 0.960148
0.674531 0 0.9602
0.674338 0 0.960299
0.674144 0 0.960539
0.673951 0 0.960579
0.673757 0 0.960668
0.673564 0 0.960785
0.673371 0 0.961206
0.673177 0 0.96129
0.672984 0 0.961454
0.672791 0 0.961531
0.672597 0 0.961569
0.672404 0 0.961575
0.67221 0 0.961592
0.672017 0 0.961629
0.671824 0 0.961659
0.67163 0 0.96167
0.671437 0 0.961809
0.671243 0 0.962101
0.67105 0 0.962213
0.670857 0 0.962435
0.670663 0 0.962491
0.67047 0 0.962526
0.670277 0 0.962571
0.670083 0 0.962903
0.66989 0 0.962954
0.669696 0 0.962976
0.669503 0 0.96302
0.66931 0 0.963206
0.668923 0 0.96328
0.668729 0 0.963317
0.668536 0 0.963351
0.668343 0 0.96339
0.668149 0 0.963431
0.667956 0 0.963733
0.667763 0 0.963834
0.667569 0 0.963886
0.667376 0 0.963922
0.667182 0 0.963943
0.666989 0 0.963979
0.666796 0 0.964372
0.666602 0 0.964487
0.666409 0 0.964549
0.666215 0 0.964613
0.666022 0 0.964618
0.665829 0 0.964791
0.665635 0 0.964865
0.665442 0 0.965191
0.665249 0 0.965258
0.665055 0 0.965312
0.664862 0 0.965357
0.664668 0 0.965366
0.664475 0 0.965401
0.664282 0 0.965461
0.664088 0 0.965498
0.663895 0 0.96551
0.663701 0 0.965583
0.663508 0 0.965634
0.663315 0 0.965729
0.663121 0 0.965787
0.662928 0 0.965929
0.662734 0 0.965981
0.662541 0 0.965998
0.662154 0 0.965999
0.661961 0 0.966104
0.661768 0 0.966123
0.661574 0 0.966129
0.661381 0 0.966133
0.661187 0 0.966187
0.660994 0 0.96625
0.660801 0 0.966328
0.660607 0 0.966423
0.660414 0 0.966591
0.66022 0 0.966603
0.660027 0 0.966608
0.659834 0 0.966743
0.65964 0 0.96684
0.659447 0 0.966861
0.659254 0 0.966891
0.65906 0 0.967067
0.658867 0 0.967269
0.658673 0 0.967303
0.65848 0 0.967318
0.658287 0 0.967401
0.658093 0 0.967484
0.6579 0 0.967489
0.657706 0 0.967603
0.657513 0 0.967609
0.65732 0 0.967715
0.657126 0 0.967719
0.656933 0 0.967764
0.65674 0 0.967828
0.656546 0 0.967903
0.656353 0 0.967989
0.656159 0 0.968044
0.655966 0 0.968055
0.655773 0 0.968058
0.655579 0 0.968239
0.655386 0 0.968292
0.655192 0 0.968367
0.654999 0 0.968477
0.654806 0 0.968727
0.654612 0 0.96875
0.654419 0 0.968788
0.654225 0 0.968842
0.654032 0 0.968853
0.653839 0 0.968855
0.653645 0 0.968864
0.653452 0 0.968874
0.653259 0 0.968956
0.653065 0 0.968986
0.652872 0 0.969306
0.652678 0 0.969334
0.652485 0 0.969341
0.652292 0 0.969346
0.652098 0 0.96939
0.651905 0 0.969395
0.651711 0 0.969427
0.651518 0 0.969462
0.651325 0 0.969498
0.651131 0 0.969717
0.650938 0 0.969718
0.650745 0 0.969735
0.650551 0 0.97006
0.650358 0 0.970133
0.650164 0 0.970161
0.649971 0 0.970389
0.649778 0 0.97041
0.649584 0 0.970463
0.649391 0 0.970487
0.649197 0 0.970556
0.649004 0 0.97072
0.648811 0 0.970756
0.648617 0 0.970913
0.648424 0 0.970976
0.648231 0 0.971003
0.648037 0 0.971163
0.647844 0 0.971231
0.64765 0 0.971325
0.647457 0 0.971432
0.647264 0 0.971499
0.64707 0 0.971504
0.646877 0 0.971514
0.646683 0 0.971667
0.64649 0 0.971743
0.646297 0 0.971757
0.646103 0 0.972119
0.64591 0 0.972133
0.645716 0 0.972318
0.645523 0 0.972347
0.64533 0 0.972429
0.645136 0 0.972481
0.644943 0 0.972534
0.64475 0 0.973074
0.644556 0 0.973155
0.644363 0 0.973193
0.644169 0 0.973443
0.643976 0 0.973485
0.643783 0 0.973532
0.643589 0 0.973568
0.643396 0 0.973614
0.643202 0 0.973616
0.643009 0 0.97367
0.642816 0 0.973693
0.642622 0 0.973845
0.642429 0 0.973922
0.642236 0 0.973972
0.642042 0 0.973973
0.641849 0 0.973986
0.641655 0 0.974049
0.641462 0 0.974067
0.641269 0 0.974106
0.641075 0 0.974155
0.640882 0 0.974178
0.640688 0 0.974182
0.640495 0 0.974219
0.640302 0 0.974263
0.640108 0 0.974287
0.639915 0 0.974347
0.639722 0 0.974402
0.639528 0 0.974478
0.639335 0 0.974492
0.639141 0 0.974584
0.638948 0 0.97479
0.638755 0 0.974803
0.638561 0 0.974882
0.638368 0 0.974884
0.638174 0 0.974893
0.637981 0 0.974921
0.637788 0 0.975013
0.637594 0 0.975051
0.637401 0 0.975109
0.637208 0 0.975146
0.637014 0 0.975218
0.636821 0 0.975256
0.636627 0 0.975312
0.636434 0 0.975331
0.636241 0 0.975344
0.636047 0 0.975383
0.635854 0 0.975405
0.63566 0 0.97541
0.635467 0 0.975489
0.635274 0 0.975517
0.63508 0 0.975688
0.634887 0 0.975698
0.634693 0 0.975699
0.6345 0 0.975754
0.634307 0 0.97578
0.634113 0 0.975783
0.63392 0 0.975791
0.633727 0 0.975841
0.633533 0 0.975872
0.63334 0 0.975873
0.633146 0 0.975929
0.632953 0 0.976002
0.63276 0 0.976066
0.632566 0 0.976151
0.632373 0 0.976294
0.632179 0 0.976367
0.631986 0 0.97644
0.631793 0 0.976443
0.631599 0 0.976488
0.631406 0 0.976505
0.631213 0 0.976508
0.631019 0 0.976519
0.630826 0 0.976551
0.630632 0 0.976566
0.630439 0 0.9766
0.630246 0 0.976601
0.630052 0 0.976641
0.629859 0 0.976788
0.629665 0 0.976843
0.629472 0 0.976901
0.629279 0 0.976952
0.629085 0 0.976961
0.628892 0 0.97697
0.628699 0 0.977049
0.628505 0 0.977109
0.628312 0 0.977138
0.628118 0 0.977172
0.627925 0 0.977185
0.627732 0 0.977216
0.627538 0 0.977431
0.627345 0 0.977485
0.627151 0 0.977536
0.626958 0 0.977555
0.626765 0 0.977587
0.626571 0 0.977659
0.626184 0 0.977803
0.625991 0 0.977833
0.625798 0 0.977862
0.625604 0 0.977969
0.625411 0 0.978062
0.625218 0 0.978105
0.625024 0 0.97817
0.624831 0 0.978201
0.624637 0 0.978213
0.624444 0 0.978228
0.624251 0 0.978283
0.624057 0 0.978351
0.623864 0 0.978366
0.62367 0 0.978378
0.623477 0 0.978444
0.623284 0 0.978456
0.62309 0 0.978461
0.622897 0 0.978582
0.622704 0 0.978583
0.62251 0 0.978597
0.622317 0 0.978606
0.622123 0 0.978607
0.62193 0 0.978759
0.621737 0 0.978795
0.621543 0 0.978818
0.62135 0 0.978819
0.621156 0 0.978849
0.620963 0 0.978931
0.62077 0 0.979059
0.620576 0 0.979078
0.620383 0 0.979134
0.62019 0 0.979181
0.619996 0 0.979324
0.619803 0 0.979338
0.619609 0 0.979386
0.619416 0 0.979402
0.619223 0 0.979413
0.619029 0 0.97948
0.618836 0 0.979501
0.618642 0 0.979536
0.618449 0 0.979555
0.618256 0 0.979568
0.618062 0 0.979581
0.617869 0 0.979602
0.617675 0 0.979626
0.617482 0 0.979635
0.617289 0 0.979636
0.617095 0 0.979637
0.616902 0 0.979713
0.616709 0 0.979718
0.616515 0 0.979719
0.616322 0 0.979746
0.616128 0 0.979869
0.615935 0 0.979894
0.615742 0 0.979928
0.615548 0 0.979941
0.615355 0 0.979985
0.615161 0 0.980114
0.614968 0 0.980164
0.614775 0 0.980182
0.614581 0 0.98022
0.614388 0 0.980235
0.614195 0 0.98024
0.614001 0 0.980328
0.613808 0 0.98041
0.613614 0 0.980417
0.613421 0 0.980421
0.613228 0 0.980445
0.613034 0 0.980451
0.612841 0 0.980497
0.612647 0 0.980504
0.612454 0 0.980534
0.612261 0 0.980663
0.612067 0 0.980783
0.611874 0 0.980801
0.611681 0 0.980936
0.611487 0 0.980937
0.611294 0 0.980944
0.6111 0 0.980973
0.610907 0 0.981025
0.610714 0 0.981028
0.61052 0 0.981074
0.610327 0 0.981179
0.610133 0 0.981184
0.60994 0 0.981186
0.609747 0 0.981239
0.609553 0 0.981244
0.60936 0 0.981246
0.609167 0 0.981283
0.608973 0 0.981354
0.60878 0 0.981401
0.608586 0 0.981473
0.608393 0 0.981494
0.6082 0 0.981496
0.608006 0 0.981554
0.607813 0 0.981591
0.607619 0 0.981605
0.607426 0 0.981615
0.607233 0 0.981657
0.607039 0 0.981659
0.606846 0 0.981669
0.606652 0 0.981772
0.606459 0 0.981806
0.606266 0 0.981834
0.606072 0 0.981878
0.605879 0 0.981881
0.605686 0 0.9819
0.605299 0 0.98195
0.605105 0 0.981988
0.604912 0 0.981998
0.604719 0 0.982073
0.604525 0 0.982087
0.604332 0 0.982091
0.604138 0 0.982136
0.603945 0 0.982147
0.603752 0 0.982169
0.603558 0 0.982224
0.603365 0 0.982226
0.603172 0 0.982228
0.602978 0 0.982345
0.602785 0 0.982429
0.602591 0 0.98246
0.602398 0 0.982479
0.602205 0 0.982505
0.602011 0 0.982565
0.601818 0 0.9826
0.601624 0 0.982618
0.601431 0 0.982638
0.601238 0 0.982662
0.601044 0 0.982748
0.600851 0 0.982768
0.600658 0 0.982774
0.600464 0 0.982806
0.600271 0 0.982835
0.600077 0 0.982851
0.599884 0 0.982897
0.599691 0 0.982906
0.599497 0 0.982923
0.599304 0 0.982924
0.59911 0 0.982928
0.598917 0 0.982948
0.598724 0 0.982981
0.59853 0 0.982987
0.598337 0 0.982993
0.598143 0 0.983066
0.59795 0 0.983073
0.597757 0 0.983077
0.597563 0 0.983095
0.59737 0 0.983099
0.597177 0 0.98315
0.596983 0 0.98317
0.59679 0 0.983201
0.596596 0 0.983222
0.596403 0 0.983225
0.59621 0 0.983301
0.596016 0 0.983302
0.595823 0 0.983352
0.595629 0 0.983413
0.595436 0 0.983425
0.595243 0 0.983429
0.595049 0 0.983456
0.594856 0 0.983516
0.594663 0 0.983532
0.594469 0 0.983544
0.594276 0 0.983567
0.594082 0 0.983576
0.593889 0 0.983592
0.593696 0 0.983618
0.593502 0 0.983633
0.593309 0 0.983654
0.593115 0 0.983658
0.592922 0 0.983683
0.592729 0 0.983784
0.592535 0 0.983926
0.592342 0 0.983946
0.592149 0 0.983953
0.591955 0 0.984001
0.591762 0 0.984076
0.591568 0 0.984096
0.591375 0 0.984108
0.591182 0 0.984143
0.590988 0 0.984186
0.590795 0 0.984239
0.590601 0 0.984317
0.590408 0 0.984354
0.590215 0 0.984382
0.590021 0 0.984421
0.589828 0 0.984426
0.589635 0 0.984463
0.589441 0 0.984468
0.589248 0 0.9845
0.589054 0 0.984502
0.588861 0 0.984516
0.588668 0 0.984518
0.588474 0 0.984526
0.588281 0 0.984537
0.588087 0 0.98454
0.587894 0 0.984567
0.587701 0 0.984614
0.587507 0 0.98465
0.587314 0 0.984654
0.58712 0 0.984671
0.586927 0 0.98472
0.586734 0 0.984733
0.58654 0 0.984758
0.586347 0 0.984786
0.586154 0 0.984799
0.58596 0 0.984801
0.585767 0 0.984808
0.585573 0 0.984827
0.58538 0 0.984904
0.585187 0 0.98491
0.584993 0 0.984925
0.5848 0 0.984936
0.584606 0 0.984979
0.584413 0 0.984996
0.58422 0 0.985022
0.584026 0 0.985025
0.583833 0 0.985029
0.58364 0 0.985034
0.583446 0 0.985063
0.583253 0 0.985107
0.583059 0 0.985125
0.582866 0 0.985153
0.582673 0 0.985182
0.582479 0 0.985209
0.582286 0 0.985217
0.582092 0 0.98525
0.581899 0 0.985252
0.581706 0 0.985253
0.581512 0 0.98529
0.581319 0 0.985404
0.580932 0 0.985424
0.580739 0 0.985448
0.580545 0 0.985456
0.580352 0 0.985468
0.580159 0 0.985499
0.579965 0 0.985509
0.579772 0 0.98553
0.579578 0 0.985563
0.579385 0 0.98558
0.579192 0 0.985588
0.578998 0 0.985606
0.578805 0 0.985626
0.578611 0 0.985645
0.578418 0 0.985656
0.578225 0 0.985688
0.578031 0 0.985723
0.577838 0 0.985764
0.577645 0 0.985802
0.577451 0 0.985825
0.577258 0 0.985852
0.577064 0 0.985864
0.576871 0 0.985871
0.576678 0 0.985877
0.576484 0 0.985984
0.576291 0 0.985989
0.576097 0 0.986021
0.575904 0 0.986112
0.575711 0 0.986127
0.575517 0 0.986175
0.575324 0 0.986235
0.575131 0 0.986309
0.574937 0 0.98633
0.574744 0 0.98635
0.57455 0 0.986388
0.574357 0 0.986391
0.574164 0 0.986433
0.57397 0 0.986466
0.573777 0 0.98648
0.573583 0 0.986493
0.57339 0 0.986539
0.573197 0 0.986541
0.573003 0 0.986556
0.57281 0 0.986576
0.572617 0 0.986585
0.572423 0 0.986592
0.57223 0 0.9866
0.572036 0 0.986601
0.571843 0 0.986662
0.57165 0 0.986676
0.571456 0 0.986693
0.571263 0 0.986725
0.571069 0 0.986742
0.570876 0 0.986748
0.570683 0 0.986764
0.570489 0 0.98678
0.570296 0 0.986782
0.569909 0 0.986794
0.569716 0 0.986798
0.569522 0 0.986812
0.569329 0 0.986857
0.569136 0 0.986861
0.568942 0 0.986898
0.568555 0 0.986917
0.568362 0 0.986928
0.568169 0 0.986937
0.567975 0 0.98697
0.567782 0 0.986974
0.567588 0 0.986982
0.567395 0 0.987021
0.567202 0 0.987026
0.567008 0 0.987078
0.566815 0 0.987101
0.566622 0 0.987118
0.566428 0 0.987138
0.566235 0 0.987193
0.566041 0 0.98723
0.565848 0 0.987265
0.565655 0 0.987276
0.565461 0 0.987289
0.565268 0 0.987311
0.565074 0 0.987317
0.564881 0 0.987338
0.564688 0 0.987439
0.564494 0 0.987464
0.564301 0 0.987486
0.564108 0 0.987506
0.563914 0 0.98751
0.563721 0 0.987515
0.563527 0 0.987536
0.563334 0 0.98754
0.563141 0 0.987552
0.562947 0 0.987558
0.562754 0 0.987623
0.56256 0 0.987677
0.562367 0 0.987697
0.562174 0 0.987783
0.56198 0 0.98784
0.561787 0 0.987859
0.561594 0 0.987864
0.5614 0 0.987869
0.561207 0 0.987877
0.561013 0 0.987917
0.56082 0 0.987952
0.560627 0 0.987969
0.560433 0 0.987987
0.56024 0 0.988022
0.560046 0 0.988035
0.559853 0 0.988042
0.55966 0 0.988123
0.559466 0 0.988211
0.559273 0 0.988225
0.559079 0 0.988248
0.558886 0 0.988252
0.558693 0 0.988287
0.558499 0 0.9883
0.558306 0 0.98831
0.558113 0 0.98833
0.557919 0 0.988338
0.557726 0 0.988343
0.557532 0 0.988357
0.557339 0 0.988366
0.557146 0 0.988367
0.556952 0 0.98839
0.556759 0 0.988416
0.556565 0 0.98842
0.556372 0 0.988446
0.556179 0 0.988459
0.555985 0 0.988472
0.555792 0 0.988477
0.555599 0 0.988483
0.555405 0 0.988495
0.555212 0 0.988498
0.555018 0 0.988515
0.554825 0 0.988546
0.554632 0 0.988565
0.554438 0 0.988567
0.554245 0 0.988588
0.554051 0 0.988605
0.553858 0 0.988656
0.553665 0 0.988671
0.553471 0 0.988677
0.553278 0 0.988683
0.553085 0 0.988697
0.552891 0 0.988721
0.552698 0 0.988731
0.552504 0 0.98875
0.552311 0 0.988783
0.552118 0 0.98879
0.551924 0 0.988794
0.551731 0 0.988809
0.551537 0 0.988831
0.551344 0 0.988842
0.551151 0 0.988907
0.550957 0 0.988938
0.550764 0 0.98894
0.55057 0 0.988945
0.550377 0 0.988952
0.550184 0 0.988962
0.54999 0 0.988972
0.549797 0 0.988986
0.549604 0 0.989011
0.54941 0 0.989017
0.549217 0 0.98904
0.549023 0 0.989087
0.54883 0 0.989113
0.548637 0 0.989123
0.548443 0 0.989124
0.54825 0 0.989199
0.548056 0 0.989231
0.547863 0 0.989253
0.54767 0 0.989261
0.547476 0 0.989262
0.547283 0 0.989269
0.54709 0 0.989272
0.546896 0 0.989291
0.546703 0 0.989301
0.546509 0 0.989304
0.546316 0 0.989306
0.546123 0 0.989309
0.545736 0 0.98931
0.545542 0 0.989315
0.545349 0 0.989368
0.545156 0 0.98937
0.544962 0 0.989379
0.544769 0 0.989391
0.544576 0 0.989399
0.544382 0 0.989414
0.544189 0 0.989416
0.543995 0 0.989475
0.543802 0 0.989491
0.543609 0 0.989499
0.543415 0 0.989507
0.543222 0 0.989528
0.543028 0 0.989551
0.542835 0 0.989607
0.542642 0 0.989624
0.542448 0 0.989627
0.542255 0 0.98964
0.542061 0 0.989664
0.541868 0 0.989671
0.541675 0 0.989676
0.541481 0 0.989733
0.541288 0 0.989751
0.541095 0 0.989761
0.540901 0 0.989775
0.540708 0 0.989798
0.540514 0 0.989807
0.540321 0 0.989828
0.540128 0 0.989834
0.539934 0 0.989842
0.539741 0 0.989853
0.539547 0 0.989863
0.539354 0 0.989874
0.539161 0 0.989876
0.538967 0 0.989881
0.538774 0 0.989888
0.538387 0 0.989912
0.538194 0 0.989946
0.538 0 0.989956
0.537807 0 0.989961
0.537614 0 0.989966
0.53742 0 0.989967
0.537227 0 0.989971
0.537033 0 0.989986
0.53684 0 0.989991
0.536647 0 0.990007
0.536453 0 0.990095
0.53626 0 0.9901
0.536067 0 0.990104
0.535873 0 0.99011
0.53568 0 0.990114
0.535486 0 0.990126
0.535293 0 0.990162
0.5351 0 0.990164
0.534906 0 0.990191
0.534713 0 0.990204
0.534326 0 0.99021
0.534133 0 0.990223
0.533746 0 0.990241
0.533553 0 0.990244
0.533359 0 0.990269
0.533166 0 0.990273
0.532972 0 0.990274
0.532779 0 0.990286
0.532586 0 0.990305
0.532392 0 0.990319
0.532005 0 0.990323
0.531812 0 0.990347
0.531619 0 0.990354
0.531232 0 0.99036
0.531038 0 0.990373
0.530845 0 0.990385
0.530652 0 0.99039
0.530458 0 0.990408
0.530265 0 0.990414
0.530072 0 0.990424
0.529878 0 0.990432
0.529685 0 0.990434
0.529491 0 0.990537
0.529298 0 0.99054
0.529105 0 0.990548
0.528911 0 0.99055
0.528718 0 0.990556
0.528331 0 0.990558
0.528138 0 0.990584
0.527944 0 0.990614
0.527751 0 0.990625
0.527558 0 0.990627
0.527364 0 0.990653
0.527171 0 0.990655
0.526977 0 0.990678
0.526784 0 0.990687
0.526591 0 0.990725
0.526397 0 0.990729
0.526204 0 0.990748
0.52601 0 0.99076
0.525817 0 0.990763
0.525624 0 0.990783
0.525237 0 0.990801
0.52485 0 0.990808
0.524657 0 0.990816
0.524463 0 0.99083
0.52427 0 0.990872
0.524077 0 0.990931
0.523883 0 0.990937
0.52369 0 0.990954
0.523496 0 0.990965
0.523303 0 0.990999
0.52311 0 0.991011
0.522916 0 0.991013
0.522723 0 0.991018
0.522529 0 0.991078
0.522336 0 0.991108
0.522143 0 0.991124
0.521949 0 0.991154
0.521756 0 0.991206
0.521563 0 0.991225
0.521369 0 0.991228
0.521176 0 0.991236
0.520982 0 0.991316
0.520789 0 0.991319
0.520596 0 0.99132
0.520402 0 0.991323
0.520209 0 0.991352
0.520015 0 0.991373
0.519822 0 0.991374
0.519629 0 0.99138
0.519435 0 0.991392
0.519242 0 0.991423
0.519049 0 0.991425
0.518855 0 0.991428
0.518662 0 0.991455
0.518468 0 0.991462
0.518275 0 0.991465
0.518082 0 0.991481
0.517888 0 0.991487
0.517695 0 0.991498
0.517308 0 0.9915
0.517115 0 0.991502
0.516921 0 0.991514
0.516728 0 0.991523
0.516535 0 0.991527
0.516341 0 0.991528
0.516148 0 0.991541
0.515954 0 0.991547
0.515761 0 0.991568
0.515568 0 0.991576
0.515374 0 0.991605
0.515181 0 0.991608
0.514987 0 0.991618
0.514794 0 0.991644
0.514601 0 0.991684
0.514407 0 0.991685
0.514214 0 0.991751
0.51402 0 0.991756
0.513827 0 0.991761
0.513634 0 0.991782
0.51344 0 0.991788
0.513247 0 0.991825
0.513054 0 0.99187
0.51286 0 0.99189
0.512667 0 0.991896
0.512473 0 0.991928
0.51228 0 0.991929
0.512087 0 0.991936
0.511893 0 0.991941
0.5117 0 0.991944
0.511506 0 0.992023
0.511313 0 0.99203
0.51112 0 0.992031
0.510926 0 0.992069
0.510733 0 0.992071
0.51054 0 0.992072
0.510346 0 0.992076
0.509959 0 0.992078
0.509766 0 0.992086
0.509573 0 0.99213
0.509379 0 0.992139
0.509186 0 0.99214
0.508992 0 0.992144
0.508799 0 0.992146
0.508606 0 0.992154
0.508412 0 0.992173
0.508219 0 0.992185
0.508026 0 0.992199
0.507832 0 0.9922
0.507639 0 0.992202
0.507445 0 0.992213
0.507252 0 0.992219
0.507059 0 0.99223
0.506865 0 0.992231
0.506672 0 0.992259
0.506478 0 0.992271
0.506285 0 0.992274
0.506092 0 0.992297
0.505898 0 0.992328
0.505705 0 0.992331
0.505512 0 0.992334
0.505318 0 0.992352
0.505125 0 0.992377
0.504931 0 0.992383
0.504738 0 0.992384
0.504545 0 0.992388
0.504351 0 0.992396
0.504158 0 0.992397
0.503964 0 0.992399
0.503771 0 0.992415
0.503578 0 0.992434
0.503384 0 0.992441
0.503191 0 0.992442
0.502997 0 0.992498
0.502804 0 0.992512
0.502611 0 0.992522
0.502417 0 0.992532
0.502224 0 0.992533
0.502031 0 0.992539
0.501837 0 0.992547
0.501644 0 0.992565
0.50145 0 0.992579
0.501257 0 0.992584
0.501064 0 0.992592
0.50087 0 0.992595
0.500677 0 0.992596
0.500483 0 0.992598
0.50029 0 0.992637
0.500097 0 0.992644
0.499903 0 0.992652
0.49971 0 0.992655
0.499517 0 0.992668
0.499323 0 0.992682
0.49913 0 0.992697
0.498936 0 0.992744
0.498743 0 0.992776
0.49855 0 0.992814
0.498356 0 0.992817
0.498163 0 0.992828
0.497969 0 0.992833
0.497776 0 0.992853
0.497583 0 0.992861
0.497196 0 0.992864
0.496809 0 0.992881
0.496616 0 0.992887
0.496422 0 0.992901
0.496036 0 0.992902
0.495842 0 0.992924
0.495649 0 0.992927
0.495455 0 0.992936
0.495262 0 0.99294
0.495069 0 0.992964
0.494875 0 0.993002
0.494682 0 0.993006
0.494488 0 0.993017
0.494295 0 0.99306
0.494102 0 0.993064
0.493908 0 0.993066
0.493328 0 0.993082
0.493135 0 0.993087
0.492941 0 0.993099
0.492748 0 0.993108
0.492555 0 0.993115
0.492361 0 0.993118
0.492168 0 0.99312
0.491974 0 0.993134
0.491781 0 0.993141
0.491588 0 0.993159
0.491394 0 0.993161
0.491201 0 0.993184
0.491008 0 0.993213
0.490814 0 0.993226
0.490621 0 0.993233
0.490427 0 0.993257
0.490234 0 0.993258
0.489847 0 0.993263
0.489654 0 0.993299
0.48946 0 0.993308
0.489267 0 0.993329
0.489074 0 0.993336
0.48888 0 0.99334
0.488687 0 0.993354
0.488494 0 0.993357
0.4883 0 0.993362
0.488107 0 0.993373
0.487913 0 0.993377
0.48772 0 0.993382
0.487527 0 0.993383
0.487333 0 0.993394
0.48714 0 0.993399
0.486946 0 0.993406
0.486753 0 0.993409
0.48656 0 0.993437
0.486366 0 0.993446
0.486173 0 0.993476
0.48598 0 0.993478
0.485786 0 0.993491
0.485593 0 0.993493
0.485399 0 0.993496
0.485206 0 0.993505
0.485013 0 0.993509
0.484819 0 0.993521
0.484626 0 0.993522
0.484432 0 0.993524
0.484239 0 0.993578
0.484046 0 0.99358
0.483852 0 0.993582
0.483659 0 0.99361
0.483465 0 0.99364
0.483272 0 0.993665
0.483079 0 0.993668
0.482885 0 0.99367
0.482692 0 0.993674
0.482499 0 0.993679
0.482305 0 0.99369
0.482112 0 0.993692
0.481918 0 0.993708
0.481725 0 0.99372
0.481532 0 0.993732
0.481338 0 0.993735
0.481145 0 0.993745
0.480951 0 0.993748
0.480758 0 0.993754
0.480565 0 0.993766
0.480371 0 0.993768
0.480178 0 0.993769
0.479985 0 0.993782
0.479791 0 0.993793
0.479598 0 0.993805
0.479404 0 0.993831
0.479211 0 0.993836
0.479018 0 0.99386
0.478824 0 0.993864
0.478631 0 0.993868
0.478437 0 0.99387
0.478244 0 0.993878
0.478051 0 0.99388
0.477664 0 0.993903
0.477471 0 0.993904
0.477277 0 0.993911
0.477084 0 0.993913
0.47689 0 0.993926
0.476697 0 0.993932
0.476504 0 0.993934
0.47631 0 0.993935
0.476117 0 0.993948
0.47573 0 0.993956
0.475537 0 0.993959
0.475343 0 0.99396
0.47515 0 0.993976
0.474956 0 0.993984
0.474763 0 0.993995
0.47457 0 0.994
0.474376 0 0.99401
0.474183 0 0.994048
0.47399 0 0.994051
0.473796 0 0.994057
0.473603 0 0.994079
0.473409 0 0.994107
0.473216 0 0.994116
0.473023 0 0.99412
0.472829 0 0.994135
0.472442 0 0.994139
0.472249 0 0.994148
0.472056 0 0.994149
0.471862 0 0.994152
0.471669 0 0.994166
0.471282 0 0.994181
0.471089 0 0.99419
0.470702 0 0.994208
0.470509 0 0.994213
0.470315 0 0.994216
0.470122 0 0.994219
0.469928 0 0.994225
0.469735 0 0.994228
0.469542 0 0.994234
0.469348 0 0.994239
0.469155 0 0.994242
0.468962 0 0.994244
0.468768 0 0.994273
0.468575 0 0.994291
0.468381 0 0.994295
0.468188 0 0.9943
0.467995 0 0.994315
0.467801 0 0.994326
0.467608 0 0.994335
0.467414 0 0.994341
0.467221 0 0.994346
0.467028 0 0.994351
0.466834 0 0.994356
0.466641 0 0.994361
0.466447 0 0.994369
0.466254 0 0.994387
0.466061 0 0.994396
0.465867 0 0.994401
0.465674 0 0.994411
0.465481 0 0.994415
0.465287 0 0.994419
0.465094 0 0.994428
0.4649 0 0.994448
0.464707 0 0.994468
0.464514 0 0.994478
0.46432 0 0.994483
0.464127 0 0.994488
0.463933 0 0.99449
0.46374 0 0.994513
0.463547 0 0.99454
0.463353 0 0.994541
0.46316 0 0.994551
0.462967 0 0.994561
0.462773 0 0.994565
0.46258 0 0.994592
0.462386 0 0.994596
0.462193 0 0.994599
0.462 0 0.994601
0.461806 0 0.994606
0.461613 0 0.994619
0.461419 0 0.994624
0.461226 0 0.994629
0.461033 0 0.994651
0.460839 0 0.994659
0.460646 0 0.994669
0.460453 0 0.994682
0.460259 0 0.994703
0.460066 0 0.994721
0.459872 0 0.994723
0.459679 0 0.994724
0.459486 0 0.994731
0.459292 0 0.994743
0.459099 0 0.994748
0.458905 0 0.994759
0.458712 0 0.994762
0.458519 0 0.994765
0.458325 0 0.994767
0.458132 0 0.994786
0.457939 0 0.994798
0.457745 0 0.994807
0.457552 0 0.994808
0.457358 0 0.994825
0.457165 0 0.994826
0.456972 0 0.994841
0.456778 0 0.994849
0.456585 0 0.994857
0.456391 0 0.994858
0.456198 0 0.99486
0.456005 0 0.994878
0.455811 0 0.994896
0.455618 0 0.994897
0.455424 0 0.994933
0.455231 0 0.994935
0.455038 0 0.994939
0.454844 0 0.994943
0.454651 0 0.994945
0.454458 0 0.994964
0.454264 0 0.994969
0.454071 0 0.994974
0.453877 0 0.994981
0.453684 0 0.994985
0.453491 0 0.995001
0.453297 0 0.995027
0.453104 0 0.995054
0.45291 0 0.995059
0.452717 0 0.99507
0.452524 0 0.995072
0.45233 0 0.995083
0.452137 0 0.995088
0.451944 0 0.995091
0.45175 0 0.995093
0.451557 0 0.995099
0.451363 0 0.9951
0.45117 0 0.995127
0.450977 0 0.99514
0.450783 0 0.99516
0.45059 0 0.995161
0.450396 0 0.995164
0.450203 0 0.995165
0.45001 0 0.995171
0.449816 0 0.995175
0.449623 0 0.99518
0.44943 0 0.995193
0.449236 0 0.995202
0.449043 0 0.995205
0.448849 0 0.995211
0.448656 0 0.995218
0.448463 0 0.995226
0.448269 0 0.995227
0.448076 0 0.995228
0.447882 0 0.995242
0.447496 0 0.99525
0.447302 0 0.995254
0.447109 0 0.995268
0.446915 0 0.995287
0.446722 0 0.995292
0.446529 0 0.995297
0.446335 0 0.995298
0.446142 0 0.995301
0.445755 0 0.995304
0.445562 0 0.995305
0.445368 0 0.995306
0.445175 0 0.995321
0.444982 0 0.995325
0.444788 0 0.995339
0.444595 0 0.995342
0.444401 0 0.995343
0.444208 0 0.995354
0.444015 0 0.995355
0.443821 0 0.99537
0.443628 0 0.995371
0.443435 0 0.995374
0.443241 0 0.995388
0.443048 0 0.995392
0.442854 0 0.995393
0.442661 0 0.995401
0.442274 0 0.995403
0.442081 0 0.995414
0.441887 0 0.995421
0.441694 0 0.995431
0.441501 0 0.995434
0.441307 0 0.995439
0.441114 0 0.99545
0.440921 0 0.995452
0.440727 0 0.995463
0.440534 0 0.995467
0.44034 0 0.995474
0.440147 0 0.995487
0.439954 0 0.995491
0.43976 0 0.995506
0.439567 0 0.99551
0.439373 0 0.995516
0.43918 0 0.995526
0.438987 0 0.995528
0.438793 0 0.995531
0.4386 0 0.995538
0.438406 0 0.99554
0.438213 0 0.995552
0.43802 0 0.995555
0.437826 0 0.995565
0.437633 0 0.995566
0.43744 0 0.995574
0.437246 0 0.995575
0.437053 0 0.99558
0.436859 0 0.995583
0.436666 0 0.995607
0.436473 0 0.995619
0.436279 0 0.995629
0.436086 0 0.995632
0.435699 0 0.995637
0.435506 0 0.995641
0.435119 0 0.995644
0.434732 0 0.99565
0.434539 0 0.995654
0.434345 0 0.995662
0.434152 0 0.995666
0.433959 0 0.995668
0.433765 0 0.995669
0.433572 0 0.99567
0.433185 0 0.995678
0.432992 0 0.99568
0.432798 0 0.995697
0.432605 0 0.995728
0.432412 0 0.99573
0.432218 0 0.995744
0.432025 0 0.995765
0.431831 0 0.99577
0.431638 0 0.995771
0.431251 0 0.995775
0.431058 0 0.995799
0.430864 0 0.995802
0.430671 0 0.995811
0.430478 0 0.995813
0.430284 0 0.995816
0.430091 0 0.995819
0.429898 0 0.995825
0.429704 0 0.995832
0.429511 0 0.995846
0.429317 0 0.995851
0.429124 0 0.995872
0.428931 0 0.995898
0.428737 0 0.995902
0.428544 0 0.995907
0.42835 0 0.99591
0.428157 0 0.995915
0.427964 0 0.995917
0.42777 0 0.995921
0.427383 0 0.99593
0.42719 0 0.995933
0.426997 0 0.995939
0.426803 0 0.995941
0.42661 0 0.995953
0.426223 0 0.995957
0.42603 0 0.995963
0.425836 0 0.995966
0.425643 0 0.995994
0.42545 0 0.995995
0.425256 0 0.996012
0.425063 0 0.996022
0.424869 0 0.996023
0.424676 0 0.996024
0.424483 0 0.996034
0.424289 0 0.996035
0.424096 0 0.996043
0.423903 0 0.99605
0.423709 0 0.996058
0.423516 0 0.996062
0.423322 0 0.996064
0.423129 0 0.996091
0.422936 0 0.996099
0.422742 0 0.996105
0.422549 0 0.996106
0.421969 0 0.996111
0.421775 0 0.996122
0.421582 0 0.996123
0.421389 0 0.996149
0.421195 0 0.996158
0.421002 0 0.996166
0.420615 0 0.996171
0.420422 0 0.996174
0.420228 0 0.996175
0.420035 0 0.996191
0.419841 0 0.996193
0.419648 0 0.996199
0.419455 0 0.996207
0.419068 0 0.99621
0.418874 0 0.996213
0.418681 0 0.996223
0.418488 0 0.996232
0.418294 0 0.996236
0.418101 0 0.996239
0.417908 0 0.996243
0.417714 0 0.996248
0.417521 0 0.996249
0.417327 0 0.996259
0.417134 0 0.996268
0.416941 0 0.996269
0.416747 0 0.996271
0.416554 0 0.996278
0.41636 0 0.99628
0.416167 0 0.996286
0.415974 0 0.996295
0.41578 0 0.996296
0.415587 0 0.996306
0.415394 0 0.996323
0.4152 0 0.996329
0.415007 0 0.996333
0.414813 0 0.996334
0.41462 0 0.996337
0.414427 0 0.996355
0.414233 0 0.996359
0.41404 0 0.996361
0.413846 0 0.996365
0.413653 0 0.996373
0.41346 0 0.996379
0.413266 0 0.996382
0.413073 0 0.996385
0.41288 0 0.996388
0.412686 0 0.996403
0.412299 0 0.996415
0.412106 0 0.996417
0.411913 0 0.996419
0.411719 0 0.996426
0.411526 0 0.996431
0.411332 0 0.996434
0.411139 0 0.996443
0.410946 0 0.996457
0.410752 0 0.99646
0.410559 0 0.996465
0.410365 0 0.99647
0.410172 0 0.996471
0.409785 0 0.996472
0.409592 0 0.996475
0.409399 0 0.996482
0.409205 0 0.996499
0.409012 0 0.996507
0.408818 0 0.996511
0.408625 0 0.996518
0.408432 0 0.99652
0.408238 0 0.996522
0.408045 0 0.996534
0.407851 0 0.996535
0.407658 0 0.996553
0.407465 0 0.996555
0.407271 0 0.996558
0.407078 0 0.99656
0.406885 0 0.996567
0.406691 0 0.9966
0.406498 0 0.996612
0.406304 0 0.996615
0.406111 0 0.996619
0.405918 0 0.99662
0.405724 0 0.996626
0.405337 0 0.996627
0.405144 0 0.996636
0.404951 0 0.996646
0.404757 0 0.996649
0.404564 0 0.996653
0.404371 0 0.996654
0.404177 0 0.996657
0.40379 0 0.996669
0.403597 0 0.996672
0.403404 0 0.996686
0.40321 0 0.99669
0.403017 0 0.996691
0.402823 0 0.996695
0.402437 0 0.996718
0.402243 0 0.99672
0.40205 0 0.996721
0.401857 0 0.996735
0.401663 0 0.996741
0.40147 0 0.996743
0.401276 0 0.996745
0.401083 0 0.996746
0.40089 0 0.996753
0.400696 0 0.996756
0.400503 0 0.996757
0.400309 0 0.996763
0.400116 0 0.996764
0.399923 0 0.996766
0.399729 0 0.996776
0.399536 0 0.996788
0.399342 0 0.996792
0.399149 0 0.996794
0.398956 0 0.996813
0.398762 0 0.996818
0.398569 0 0.996823
0.398376 0 0.996827
0.398182 0 0.996834
0.397989 0 0.996839
0.397795 0 0.996845
0.397602 0 0.996856
0.397409 0 0.996872
0.397215 0 0.996874
0.396828 0 0.996885
0.396635 0 0.996893
0.396442 0 0.996899
0.396248 0 0.996908
0.396055 0 0.996911
0.395862 0 0.996916
0.395668 0 0.996924
0.395475 0 0.996933
0.395281 0 0.996935
0.395088 0 0.996945
0.394895 0 0.996949
0.394508 0 0.99695
0.394314 0 0.996956
0.394121 0 0.99696
0.393734 0 0.996961
0.393541 0 0.996968
0.393348 0 0.996972
0.393154 0 0.996986
0.392961 0 0.996993
0.392767 0 0.996998
0.392574 0 0.997012
0.392381 0 0.997016
0.392187 0 0.997017
0.391994 0 0.997019
0.3918 0 0.997021
0.391607 0 0.99704
0.391414 0 0.997047
0.39122 0 0.99705
0.391027 0 0.997056
0.390833 0 0.997057
0.39064 0 0.997059
0.390447 0 0.99706
0.390253 0 0.997064
0.39006 0 0.997068
0.389867 0 0.997071
0.38948 0 0.997074
0.389286 0 0.99708
0.389093 0 0.997082
0.388706 0 0.997088
0.388513 0 0.997089
0.388319 0 0.9971
0.388126 0 0.997109
0.387933 0 0.997111
0.387739 0 0.997118
0.387546 0 0.997122
0.387353 0 0.997124
0.387159 0 0.997126
0.386966 0 0.997134
0.386772 0 0.997139
0.386579 0 0.997152
0.386386 0 0.997158
0.386192 0 0.99716
0.385999 0 0.997168
0.385805 0 0.99718
0.385612 0 0.997181
0.385419 0 0.997205
0.385225 0 0.997217
0.385032 0 0.997222
0.384839 0 0.997232
0.384645 0 0.997239
0.384452 0 0.99724
0.384258 0 0.997245
0.384065 0 0.997253
0.383872 0 0.997263
0.383678 0 0.997267
0.383485 0 0.997269
0.383291 0 0.99727
0.383098 0 0.997272
0.382905 0 0.997287
0.382711 0 0.997288
0.382325 0 0.99729
0.382131 0 0.997307
0.381938 0 0.997308
0.381744 0 0.99731
0.381358 0 0.997314
0.381164 0 0.997316
0.380971 0 0.997321
0.380777 0 0.997323
0.380584 0 0.997339
0.380391 0 0.997343
0.380197 0 0.997349
0.380004 0 0.997353
0.37981 0 0.997365
0.379617 0 0.997375
0.379424 0 0.997377
0.37923 0 0.997382
0.379037 0 0.997384
0.378844 0 0.997385
0.37865 0 0.997395
0.378457 0 0.997396
0.378263 0 0.997397
0.37807 0 0.997412
0.377877 0 0.997417
0.377683 0 0.997428
0.37749 0 0.997431
0.377296 0 0.997432
0.377103 0 0.997441
0.37691 0 0.997447
0.376716 0 0.99745
0.37633 0 0.997452
0.376136 0 0.997455
0.375943 0 0.99746
0.375749 0 0.997461
0.375556 0 0.997474
0.375363 0 0.997484
0.375169 0 0.99749
0.374976 0 0.997493
0.374782 0 0.997506
0.374589 0 0.997512
0.374396 0 0.997518
0.374202 0 0.997521
0.374009 0 0.997522
0.373816 0 0.997525
0.373429 0 0.997529
0.373235 0 0.997535
0.373042 0 0.997537
0.372849 0 0.997547
0.372655 0 0.997552
0.372462 0 0.997553
0.372268 0 0.997567
0.372075 0 0.997569
0.371882 0 0.99757
0.371688 0 0.997575
0.371495 0 0.997585
0.371301 0 0.997588
0.371108 0 0.997595
0.370915 0 0.997602
0.370721 0 0.997615
0.370528 0 0.997622
0.370335 0 0.997625
0.370141 0 0.997631
0.369948 0 0.997641
0.369754 0 0.997643
0.369561 0 0.997648
0.369368 0 0.997655
0.369174 0 0.997665
0.368981 0 0.997666
0.368787 0 0.99767
0.368594 0 0.997709
0.368401 0 0.99771
0.368207 0 0.997718
0.368014 0 0.997722
0.367821 0 0.997726
0.367627 0 0.997733
0.367434 0 0.997749
0.36724 0 0.997751
0.367047 0 0.997756
0.366854 0 0.997759
0.366467 0 0.997774
0.366273 0 0.997781
0.36608 0 0.997782
0.365693 0 0.997786
0.3655 0 0.997792
0.365307 0 0.9978
0.36492 0 0.997801
0.364726 0 0.997804
0.364533 0 0.99782
0.36434 0 0.997822
0.364146 0 0.997824
0.363953 0 0.997828
0.363759 0 0.99783
0.363566 0 0.997832
0.363373 0 0.997843
0.363179 0 0.997845
0.362986 0 0.997853
0.362792 0 0.997855
0.362599 0 0.997861
0.362406 0 0.997869
0.362212 0 0.997871
0.362019 0 0.997874
0.361826 0 0.997879
0.361632 0 0.997893
0.361439 0 0.997894
0.361245 0 0.997895
0.361052 0 0.997899
0.360859 0 0.997909
0.360665 0 0.997913
0.360472 0 0.997926
0.360278 0 0.997927
0.360085 0 0.997928
0.359698 0 0.997931
0.359505 0 0.997936
0.359312 0 0.99795
0.359118 0 0.997955
0.358925 0 0.997961
0.358731 0 0.997966
0.358538 0 0.997968
0.358345 0 0.997983
0.358151 0 0.997987
0.357958 0 0.997996
0.357571 0 0.997997
0.357378 0 0.998003
0.356991 0 0.998007
0.356798 0 0.998011
0.356604 0 0.998016
0.356411 0 0.998018
0.356217 0 0.998019
0.356024 0 0.998022
0.355831 0 0.998027
0.355637 0 0.99803
0.355444 0 0.99804
0.35525 0 0.998063
0.355057 0 0.998073
0.354864 0 0.998074
0.35467 0 0.998075
0.354477 0 0.998088
0.354284 0 0.99809
0.35409 0 0.998092
0.353897 0 0.998093
0.353317 0 0.998095
0.353123 0 0.998097
0.35293 0 0.998102
0.352736 0 0.998108
0.352543 0 0.998109
0.35235 0 0.998111
0.352156 0 0.998112
0.351963 0 0.99812
0.351576 0 0.998123
0.351383 0 0.998127
0.351189 0 0.998129
0.350996 0 0.998135
0.350803 0 0.998146
0.350416 0 0.998149
0.350222 0 0.998164
0.349836 0 0.998166
0.349642 0 0.998167
0.349449 0 0.998169
0.349062 0 0.99817
0.348869 0 0.998176
0.348675 0 0.998178
0.348482 0 0.998182
0.348095 0 0.998183
0.347902 0 0.998189
0.347708 0 0.998195
0.347515 0 0.998198
0.347322 0 0.9982
0.347128 0 0.998201
0.346935 0 0.998204
0.346741 0 0.998211
0.346548 0 0.998214
0.346355 0 0.998216
0.345968 0 0.998224
0.345775 0 0.99823
0.345388 0 0.998232
0.345194 0 0.998234
0.345001 0 0.99825
0.344808 0 0.998255
0.344614 0 0.998256
0.344421 0 0.998268
0.344227 0 0.998278
0.343841 0 0.998279
0.343647 0 0.998286
0.343454 0 0.998287
0.34326 0 0.998294
0.34268 0 0.998295
0.342487 0 0.998296
0.3421 0 0.998301
0.341907 0 0.998302
0.341713 0 0.998303
0.34152 0 0.998315
0.341327 0 0.998317
0.341133 0 0.998318
0.34094 0 0.998333
0.340746 0 0.99834
0.340553 0 0.998341
0.34036 0 0.998342
0.340166 0 0.998352
0.339973 0 0.998354
0.33978 0 0.998356
0.339586 0 0.998358
0.339393 0 0.99836
0.339199 0 0.998371
0.339006 0 0.998382
0.338813 0 0.998383
0.338619 0 0.998384
0.338426 0 0.998387
0.338232 0 0.998391
0.338039 0 0.998395
0.337846 0 0.998401
0.337652 0 0.998403
0.337459 0 0.998405
0.337266 0 0.998406
0.337072 0 0.99841
0.336879 0 0.99842
0.336685 0 0.998427
0.336492 0 0.998428
0.335912 0 0.998433
0.335332 0 0.998435
0.335138 0 0.998438
0.334945 0 0.998445
0.334751 0 0.998447
0.334558 0 0.998448
0.334365 0 0.998453
0.334171 0 0.998456
0.333978 0 0.998468
0.333591 0 0.998475
0.333398 0 0.998477
0.333204 0 0.998482
0.333011 0 0.998486
0.332624 0 0.998488
0.332431 0 0.998491
0.332044 0 0.998492
0.331851 0 0.998493
0.331657 0 0.998494
0.331464 0 0.998495
0.331271 0 0.998496
0.331077 0 0.998502
0.330884 0 0.998504
0.33069 0 0.998506
0.330497 0 0.998509
0.330304 0 0.998512
0.33011 0 0.998516
0.329917 0 0.998536
0.329723 0 0.998538
0.329337 0 0.998539
0.329143 0 0.998544
0.32895 0 0.998546
0.328563 0 0.99855
0.328176 0 0.998551
0.327983 0 0.998552
0.32779 0 0.998554
0.327596 0 0.99856
0.327209 0 0.998563
0.327016 0 0.998564
0.326823 0 0.998565
0.326629 0 0.998567
0.326049 0 0.998568
0.325856 0 0.998573
0.325662 0 0.998574
0.325276 0 0.998575
0.325082 0 0.998578
0.324889 0 0.998582
0.324502 0 0.998583
0.324309 0 0.998587
0.324115 0 0.998594
0.323922 0 0.998595
0.323728 0 0.998598
0.323535 0 0.998599
0.323342 0 0.9986
0.322955 0 0.998607
0.322762 0 0.998609
0.322568 0 0.998614
0.322375 0 0.998619
0.322181 0 0.99862
0.321795 0 0.998622
0.321601 0 0.998625
0.321408 0 0.998632
0.321021 0 0.998634
0.320828 0 0.998637
0.320441 0 0.998651
0.320248 0 0.998655
0.320054 0 0.998657
0.319861 0 0.998658
0.319667 0 0.99866
0.319474 0 0.998662
0.319087 0 0.998663
0.3187 0 0.998668
0.318507 0 0.998669
0.318314 0 0.998671
0.31812 0 0.998675
0.317927 0 0.998681
0.317734 0 0.998693
0.31754 0 0.998704
0.317347 0 0.998709
0.317153 0 0.998712
0.316767 0 0.998715
0.316573 0 0.998721
0.31638 0 0.998723
0.316186 0 0.998725
0.315993 0 0.998728
0.3158 0 0.99873
0.315606 0 0.998731
0.315413 0 0.998737
0.315219 0 0.998739
0.315026 0 0.99874
0.314833 0 0.998741
0.314639 0 0.998742
0.314446 0 0.998744
0.314253 0 0.998746
0.314059 0 0.998748
0.313866 0 0.998749
0.313672 0 0.998751
0.313479 0 0.998767
0.313286 0 0.99877
0.313092 0 0.998771
0.312899 0 0.998777
0.312705 0 0.998779
0.312319 0 0.998781
0.312125 0 0.998782
0.311739 0 0.998784
0.311545 0 0.998785
0.311158 0 0.998787
0.310772 0 0.99879
0.310578 0 0.998792
0.310385 0 0.998796
0.309998 0 0.998799
0.309805 0 0.998801
0.309418 0 0.998804
0.309225 0 0.998806
0.309031 0 0.998807
0.308838 0 0.998808
0.308644 0 0.998812
0.308451 0 0.998816
0.308258 0 0.998818
0.307677 0 0.998819
0.307484 0 0.99882
0.306904 0 0.998829
0.306711 0 0.998833
0.306517 0 0.99884
0.306324 0 0.998844
0.305937 0 0.998846
0.30555 0 0.998847
0.305357 0 0.998848
0.305163 0 0.998849
0.304583 0 0.998855
0.30439 0 0.998861
0.304196 0 0.998862
0.304003 0 0.998863
0.30381 0 0.998865
0.303616 0 0.99887
0.303423 0 0.998872
0.30323 0 0.998874
0.303036 0 0.998875
0.302843 0 0.99888
0.302649 0 0.998882
0.302263 0 0.998884
0.302069 0 0.998886
0.301682 0 0.998888
0.301489 0 0.99889
0.301296 0 0.998892
0.301102 0 0.998895
0.300909 0 0.998896
0.300522 0 0.998897
0.300329 0 0.998902
0.300135 0 0.998908
0.299749 0 0.99891
0.299555 0 0.998912
0.299362 0 0.998914
0.299168 0 0.998915
0.298782 0 0.998917
0.298588 0 0.998931
0.298202 0 0.998934
0.298008 0 0.998939
0.297815 0 0.99894
0.297621 0 0.998941
0.297428 0 0.998943
0.297235 0 0.998944
0.297041 0 0.998949
0.296848 0 0.99895
0.296654 0 0.998951
0.296461 0 0.998955
0.296074 0 0.998956
0.295881 0 0.998958
0.295687 0 0.99896
0.295494 0 0.998964
0.295301 0 0.998967
0.295107 0 0.998974
0.294914 0 0.998979
0.294721 0 0.998981
0.294527 0 0.998982
0.294334 0 0.998985
0.29414 0 0.998988
0.293947 0 0.998992
0.293754 0 0.998993
0.29356 0 0.998995
0.293173 0 0.999
0.292787 0 0.999001
0.292593 0 0.999002
0.2924 0 0.999005
0.292207 0 0.999006
0.292013 0 0.999008
0.29182 0 0.999013
0.291626 0 0.999018
0.291433 0 0.999023
0.29124 0 0.999027
0.291046 0 0.999028
0.290853 0 0.999033
0.290659 0 0.999035
0.290466 0 0.999042
0.290273 0 0.999046
0.290079 0 0.99905
0.289886 0 0.999051
0.289693 0 0.999052
0.289306 0 0.999053
0.289112 0 0.999058
0.288919 0 0.999063
0.288726 0 0.999064
0.288532 0 0.999065
0.288145 0 0.99907
0.287759 0 0.999071
0.287565 0 0.999073
0.287372 0 0.999074
0.287178 0 0.999078
0.286985 0 0.999079
0.286598 0 0.999081
0.286405 0 0.999082
0.286212 0 0.999084
0.286018 0 0.999085
0.285825 0 0.999087
0.285631 0 0.999089
0.285438 0 0.999095
0.285245 0 0.9991
0.285051 0 0.999101
0.284858 0 0.999102
0.284664 0 0.999103
0.284471 0 0.999105
0.284278 0 0.999106
0.284084 0 0.999107
0.283891 0 0.999112
0.283698 0 0.999114
0.283504 0 0.999117
0.283117 0 0.999119
0.282924 0 0.999124
0.282731 0 0.999125
0.28215 0 0.999129
0.281957 0 0.999131
0.281764 0 0.999132
0.281377 0 0.999133
0.281184 0 0.999134
0.280603 0 0.999139
0.28041 0 0.99914
0.280023 0 0.999141
0.27983 0 0.999143
0.27925 0 0.999145
0.279056 0 0.999146
0.278863 0 0.999149
0.278476 0 0.99915
0.278283 0 0.999155
0.278089 0 0.999156
0.277896 0 0.999158
0.277703 0 0.999159
0.277316 0 0.999161
0.277122 0 0.999165
0.276929 0 0.999166
0.276736 0 0.999167
0.276542 0 0.999168
0.276349 0 0.999171
0.275962 0 0.999172
0.275769 0 0.999173
0.275382 0 0.999175
0.275189 0 0.999182
0.274995 0 0.999185
0.274608 0 0.999186
0.274222 0 0.999187
0.273835 0 0.999189
0.273641 0 0.999191
0.273448 0 0.999192
0.273255 0 0.999193
0.273061 0 0.999195
0.272675 0 0.999197
0.272481 0 0.999204
0.272288 0 0.999205
0.272094 0 0.999206
0.271901 0 0.999211
0.271708 0 0.999215
0.271514 0 0.999217
0.271321 0 0.999218
0.270934 0 0.999219
0.270741 0 0.999221
0.270354 0 0.999225
0.269774 0 0.999226
0.26958 0 0.999229
0.269387 0 0.999234
0.269194 0 0.999235
0.268807 0 0.999238
0.268613 0 0.99924
0.268227 0 0.999242
0.26784 0 0.999244
0.267646 0 0.999246
0.267066 0 0.999247
0.266486 0 0.999249
0.266293 0 0.99925
0.265906 0 0.999256
0.265713 0 0.999257
0.265519 0 0.999258
0.265326 0 0.999259
0.265132 0 0.999261
0.264939 0 0.999264
0.264746 0 0.999266
0.264552 0 0.999267
0.264359 0 0.999274
0.263972 0 0.999275
0.263779 0 0.999278
0.263392 0 0.999279
0.263199 0 0.99928
0.262812 0 0.999282
0.262425 0 0.999283
0.262232 0 0.999284
0.262038 0 0.999285
0.261845 0 0.999288
0.261652 0 0.999289
0.261265 0 0.999292
0.261071 0 0.999293
0.260878 0 0.999294
0.260685 0 0.999296
0.260491 0 0.999301
0.260298 0 0.999303
0.259718 0 0.999305
0.259331 0 0.999306
0.259137 0 0.999307
0.258751 0 0.999308
0.258364 0 0.999309
0.257977 0 0.999311
0.25759 0 0.999312
0.257397 0 0.999313
0.257204 0 0.999317
0.25701 0 0.999318
0.256817 0 0.999324
0.25643 0 0.999326
0.256043 0 0.99933
0.25585 0 0.999331
0.255463 0 0.999332
0.25527 0 0.999333
0.254883 0 0.999338
0.25469 0 0.99934
0.254303 0 0.999341
0.254109 0 0.999343
0.253916 0 0.999345
0.253723 0 0.999346
0.253529 0 0.999354
0.253336 0 0.999355
0.253143 0 0.999356
0.252949 0 0.999358
0.252369 0 0.999359
0.252176 0 0.999361
0.251982 0 0.999363
0.251789 0 0.999364
0.251402 0 0.999365
0.251209 0 0.999366
0.251015 0 0.999367
0.250629 0 0.99937
0.250242 0 0.999373
0.249662 0 0.999376
0.249275 0 0.999378
0.249081 0 0.99938
0.248888 0 0.999381
0.248695 0 0.999383
0.248308 0 0.999387
0.248114 0 0.99939
0.247534 0 0.999391
0.247148 0 0.999396
0.246954 0 0.999397
0.246761 0 0.999398
0.246374 0 0.999399
0.246181 0 0.999401
0.245987 0 0.999402
0.2456 0 0.999403
0.245407 0 0.999404
0.24502 0 0.999405
0.244827 0 0.999409
0.24444 0 0.999412
0.244247 0 0.999413
0.244053 0 0.999415
0.24386 0 0.999416
0.243667 0 0.999418
0.243473 0 0.999419
0.243086 0 0.99942
0.242506 0 0.999421
0.24212 0 0.999422
0.241926 0 0.999424
0.241733 0 0.999425
0.241346 0 0.999426
0.241153 0 0.999427
0.240959 0 0.999428
0.240572 0 0.999431
0.240379 0 0.999432
0.239992 0 0.999434
0.239799 0 0.999435
0.239605 0 0.999437
0.239412 0 0.999439
0.239219 0 0.99944
0.239025 0 0.999442
0.238639 0 0.999444
0.238252 0 0.999445
0.237865 0 0.999446
0.237478 0 0.999448
0.237285 0 0.999449
0.236898 0 0.99945
0.236705 0 0.999454
0.236318 0 0.999456
0.235738 0 0.999457
0.235351 0 0.999458
0.235158 0 0.999459
0.234964 0 0.999461
0.234577 0 0.999462
0.234384 0 0.999463
0.234191 0 0.999465
0.233997 0 0.999466
0.233804 0 0.999467
0.233611 0 0.999468
0.233417 0 0.999469
0.233224 0 0.999471
0.23303 0 0.999472
0.232837 0 0.999475
0.23245 0 0.999476
0.232063 0 0.999478
0.231677 0 0.999479
0.231483 0 0.999481
0.23129 0 0.999484
0.231096 0 0.999485
0.230903 0 0.999488
0.230516 0 0.99949
0.23013 0 0.999491
0.229936 0 0.999493
0.229743 0 0.999494
0.229549 0 0.999495
0.229163 0 0.999498
0.228776 0 0.9995
0.228582 0 0.999501
0.228389 0 0.999503
0.228196 0 0.999505
0.227809 0 0.999506
0.227616 0 0.999509
0.227229 0 0.99951
0.227035 0 0.999511
0.226842 0 0.999512
0.226455 0 0.999513
0.226068 0 0.999514
0.225875 0 0.999515
0.225488 0 0.999517
0.225295 0 0.999521
0.225102 0 0.999525
0.224908 0 0.999527
0.224715 0 0.999528
0.224328 0 0.999529
0.224135 0 0.99953
0.223748 0 0.999531
0.223554 0 0.999532
0.223361 0 0.999534
0.223168 0 0.999535
0.222974 0 0.999536
0.222781 0 0.999539
0.222201 0 0.99954
0.222007 0 0.999541
0.221814 0 0.999542
0.221621 0 0.999543
0.221234 0 0.999544
0.22104 0 0.999547
0.220654 0 0.999548
0.220267 0 0.999549
0.220073 0 0.999551
0.21988 0 0.999556
0.219687 0 0.999557
0.218913 0 0.99956
0.21872 0 0.999565
0.218333 0 0.999566
0.21814 0 0.999567
0.217753 0 0.999568
0.217559 0 0.999569
0.217173 0 0.99957
0.216786 0 0.999571
0.216593 0 0.999573
0.216206 0 0.999574
0.215626 0 0.999577
0.215432 0 0.999578
0.215239 0 0.99958
0.214659 0 0.999582
0.214079 0 0.999585
0.213885 0 0.999586
0.213692 0 0.999587
0.213498 0 0.999588
0.213305 0 0.999591
0.212918 0 0.999592
0.212725 0 0.999593
0.212145 0 0.999596
0.211951 0 0.999599
0.211758 0 0.9996
0.210791 0 0.999603
0.210598 0 0.999604
0.210404 0 0.999605
0.210211 0 0.999606
0.210017 0 0.999607
0.209824 0 0.999608
0.209631 0 0.999609
0.209437 0 0.99961
0.20905 0 0.999611
0.208277 0 0.999612
0.208084 0 0.999613
0.20789 0 0.999614
0.207503 0 0.999616
0.207117 0 0.999617
0.206923 0 0.999618
0.20673 0 0.999619
0.206536 0 0.999621
0.206343 0 0.999623
0.205376 0 0.999624
0.205183 0 0.999625
0.204989 0 0.999626
0.204409 0 0.999627
0.204022 0 0.999628
0.203636 0 0.99963
0.203249 0 0.999632
0.202862 0 0.999634
0.202475 0 0.999635
0.202089 0 0.999636
0.201895 0 0.99964
0.200928 0 0.999641
0.200735 0 0.999642
0.200541 0 0.999643
0.200348 0 0.999647
0.200155 0 0.999649
0.199961 0 0.99965
0.199575 0 0.999652
0.199381 0 0.999653
0.198801 0 0.999654
0.198608 0 0.999656
0.198414 0 0.999657
0.197834 0 0.999659
0.197641 0 0.999661
0.197447 0 0.999666
0.197254 0 0.999667
0.196867 0 0.999668
0.196674 0 0.999669
0.19648 0 0.999671
0.196094 0 0.999672
0.195707 0 0.999674
0.195513 0 0.999677
0.19532 0 0.999678
0.194933 0 0.999679
0.194547 0 0.99968
0.194353 0 0.999681
0.19416 0 0.999682
0.193966 0 0.999683
0.19358 0 0.999684
0.193386 0 0.999685
0.193193 0 0.999686
0.192226 0 0.999687
0.191646 0 0.999689
0.191452 0 0.99969
0.191259 0 0.999691
0.191066 0 0.999692
0.190679 0 0.999693
0.190485 0 0.999694
0.189905 0 0.999695
0.189712 0 0.999696
0.189132 0 0.999697
0.188552 0 0.999699
0.188358 0 0.9997
0.187971 0 0.999702
0.187585 0 0.999703
0.187198 0 0.999705
0.187004 0 0.999707
0.186811 0 0.999711
0.186424 0 0.999712
0.186231 0 0.999713
0.186038 0 0.999714
0.185844 0 0.999716
0.185651 0 0.999717
0.185264 0 0.999718
0.184684 0 0.999719
0.184297 0 0.99972
0.18391 0 0.999724
0.183523 0 0.999725
0.183137 0 0.999726
0.18275 0 0.999727
0.182557 0 0.999728
0.182363 0 0.99973
0.18217 0 0.999731
0.181976 0 0.999733
0.181396 0 0.999734
0.181203 0 0.999735
0.180816 0 0.999736
0.180429 0 0.999738
0.179849 0 0.999739
0.179462 0 0.99974
0.178882 0 0.999743
0.178689 0 0.999744
0.178109 0 0.999745
0.177915 0 0.999746
0.177722 0 0.999748
0.177335 0 0.999751
0.176948 0 0.999753
0.176562 0 0.999755
0.176175 0 0.999756
0.175788 0 0.999757
0.175595 0 0.999758
0.175401 0 0.999759
0.174821 0 0.999761
0.174434 0 0.999762
0.174241 0 0.999764
0.173661 0 0.999765
0.173274 0 0.999766
0.172887 0 0.999767
0.172694 0 0.999769
0.172114 0 0.99977
0.171727 0 0.999771
0.171534 0 0.999772
0.170953 0 0.999773
0.170373 0 0.999774
0.169793 0 0.999775
0.1696 0 0.999776
0.16902 0 0.999777
0.168826 0 0.999778
0.168633 0 0.999779
0.168439 0 0.999781
0.168246 0 0.999782
0.167859 0 0.999783
0.167279 0 0.999784
0.166699 0 0.999786
0.165925 0 0.999787
0.165539 0 0.999788
0.165152 0 0.999789
0.164958 0 0.999792
0.164765 0 0.999793
0.164378 0 0.999794
0.164185 0 0.999795
0.163411 0 0.999796
0.163025 0 0.999798
0.162831 0 0.999799
0.162638 0 0.9998
0.162444 0 0.999801
0.162251 0 0.999802
0.162058 0 0.999803
0.161864 0 0.999805
0.161284 0 0.999806
0.161091 0 0.999808
0.160897 0 0.99981
0.160704 0 0.999812
0.160317 0 0.999813
0.15993 0 0.999814
0.159544 0 0.999815
0.15935 0 0.999816
0.158963 0 0.999818
0.15877 0 0.999819
0.15761 0 0.999821
0.157416 0 0.999822
0.156643 0 0.999823
0.156449 0 0.999824
0.156256 0 0.999825
0.155482 0 0.999826
0.155289 0 0.999827
0.154709 0 0.999828
0.154129 0 0.999829
0.153549 0 0.99983
0.152775 0 0.999831
0.152388 0 0.999833
0.151808 0 0.999834
0.151228 0 0.999835
0.150841 0 0.999836
0.150648 0 0.999838
0.150068 0 0.999839
0.149681 0 0.999841
0.149294 0 0.999842
0.148521 0 0.999843
0.14736 0 0.999844
0.14678 0 0.999845
0.1462 0 0.999847
0.145426 0 0.999848
0.144846 0 0.999849
0.144073 0 0.99985
0.143879 0 0.999851
0.142719 0 0.999852
0.142332 0 0.999853
0.141752 0 0.999854
0.141365 0 0.999855
0.140785 0 0.999856
0.139818 0 0.999857
0.139045 0 0.999858
0.138851 0 0.999859
0.138658 0 0.99986
0.137884 0 0.999862
0.137691 0 0.999863
0.137111 0 0.999864
0.136917 0 0.999865
0.136724 0 0.999866
0.135757 0 0.999867
0.135177 0 0.999868
0.134403 0 0.999869
0.13363 0 0.99987
0.13305 0 0.999871
0.13247 0 0.999873
0.132276 0 0.999874
0.131116 0 0.999875
0.130729 0 0.999876
0.130342 0 0.999877
0.129956 0 0.999879
0.129182 0 0.99988
0.128408 0 0.999881
0.127828 0 0.999882
0.127248 0 0.999883
0.126668 0 0.999884
0.126088 0 0.999885
0.125701 0 0.999887
0.125314 0 0.999888
0.124541 0 0.999889
0.124347 0 0.99989
0.124154 0 0.999891
0.123767 0 0.999892
0.1228 0 0.999893
0.122413 0 0.999895
0.12222 0 0.999896
0.121833 0 0.999897
0.120866 0 0.999898
0.120286 0 0.999899
0.119899 0 0.9999
0.119319 0 0.999901
0.117772 0 0.999902
0.117192 0 0.999903
0.116805 0 0.999904
0.116418 0 0.999905
0.115838 0 0.999906
0.115258 0 0.999907
0.114871 0 0.999908
0.114098 0 0.999909
0.113518 0 0.99991
0.112938 0 0.999911
0.111777 0 0.999912
0.111584 0 0.999913
0.111004 0 0.999914
0.11081 0 0.999915
0.11023 0 0.999916
0.109457 0 0.999917
0.108683 0 0.999918
0.107329 0 0.999919
0.106362 0 0.99992
0.105395 0 0.999921
0.104815 0 0.999922
0.104622 0 0.999923
0.103655 0 0.999924
0.103075 0 0.999925
0.102688 0 0.999926
0.102301 0 0.999927
0.102108 0 0.999928
0.101721 0 0.99993
0.100174 0 0.999931
0.0995939 0 0.999932
0.0990137 0 0.999933
0.0982402 0 0.999934
0.0978534 0 0.999935
0.0966931 0 0.999936
0.0963063 0 0.999937
0.0949526 0 0.999938
0.0937923 0 0.999939
0.0934055 0 0.99994
0.0932121 0 0.999941
0.0922452 0 0.999942
0.0916651 0 0.999943
0.0912783 0 0.999944
0.090118 0 0.999945
0.0893444 0 0.999946
0.0885709 0 0.999947
0.0883775 0 0.999948
0.0876039 0 0.999949
0.0864436 0 0.99995
0.0848965 0 0.999951
0.084123 0 0.999952
0.0829627 0 0.999953
0.0823825 0 0.999954
0.081609 0 0.999955
0.0808354 0 0.999956
0.0798685 0 0.999957
0.079095 0 0.999958
0.0789016 0 0.999959
0.0783214 0 0.99996
0.0765809 0 0.999961
0.0758074 0 0.999962
0.0748405 0 0.999963
0.0740669 0 0.999964
0.0729066 0 0.999965
0.0717463 0 0.999966
0.0703926 0 0.999967
0.0700058 0 0.999968
0.0690389 0 0.999969
0.0674918 0 0.99997
0.0655579 0 0.999971
0.0643976 0 0.999972
0.0622704 0 0.999973
0.0613034 0 0.999974
0.0591762 0 0.999975
0.0578225 0 0.999976
0.0572423 0 0.999977
0.0558886 0 0.999978
0.0547283 0 0.999979
0.053568 0 0.99998
0.0524077 0 0.999981
0.0506672 0 0.999982
0.0489267 0 0.999983
0.047573 0 0.999984
0.0464127 0 0.999985
0.0437053 0 0.999986
0.0427383 0 0.999987
0.0408045 0 0.999988
0.0392574 0 0.999989
0.03655 0 0.99999
0.0348095 0 0.999991
0.0324889 0 0.999992
0.0297815 0 0.999993
0.0272675 0 0.999994
0.0253336 0 0.999995
0.0233997 0 0.999996
0.0206923 0 0.999997
0.0164378 0 0.999998
0.0112164 0 0.999999
0.0042545 0 1
