0.664984 217
0.664984 216
0.664984 215
0.664849 215
0.664704 215
0.664704 214
0.664704 213
0.664568 213
0.664568 212
0.66455 211
0.664439 211
0.66438 210
0.664268 210
0.664205 209
0.664205 208
0.664205 207
0.664096 207
0.663967 207
0.663885 206
0.663885 205
0.663767 205
0.663767 204
0.663767 203
0.663648 203
0.663577 202
0.663577 201
0.663443 201
0.663443 200
0.663359 199
0.663359 198
0.663236 198
0.663236 197
0.663236 196
0.663236 195
0.663131 195
0.663131 194
0.663131 193
0.662996 193
0.662877 193
0.662877 192
0.662771 192
0.6627 191
0.6627 190
0.6627 189
0.662615 188
0.662615 187
0.662467 187
0.662467 186
0.662467 185
0.662467 184
0.662361 184
0.662207 184
0.66212 183
0.662003 183
0.662003 182
0.661875 182
0.661875 181
0.661875 180
0.661875 179
0.661875 178
0.661746 178
0.661639 178
0.66148 178
0.661338 178
0.661212 178
0.661212 177
0.661212 176
0.661077 176
0.660954 176
0.660811 176
0.660721 175
0.660622 175
0.660472 175
0.660368 175
0.660368 174
0.660368 173
0.660368 172
0.660309 171
0.660219 170
0.660103 170
0.659949 170
0.659949 169
0.659949 168
0.659949 167
0.659785 167
0.659658 167
0.659501 167
0.659369 167
0.659369 166
0.659327 165
0.659327 164
0.659327 163
0.659263 162
0.659263 161
0.659263 160
0.659263 159
0.659263 158
0.659127 158
0.659009 158
0.659009 157
0.658897 157
0.658897 156
0.65875 156
0.65875 155
0.658625 155
0.658534 154
0.658383 154
0.658241 154
0.658155 153
0.658155 152
0.658155 151
0.658038 151
0.657897 151
0.657764 151
0.657625 151
0.657625 150
0.657484 150
0.65739 149
0.657278 149
0.657278 148
0.657201 148
0.657201 147
0.65705 147
0.65705 146
0.65705 145
0.656947 145
0.656947 144
0.656947 143
0.656947 142
0.656816 142
0.656688 142
0.656543 142
0.656415 142
0.656271 142
0.65617 142
0.65617 141
0.656054 141
0.655949 141
0.655949 140
0.655816 140
0.655816 139
0.655674 139
0.655673 138
0.655586 137
0.655586 136
0.655445 136
0.655445 135
0.655313 135
0.655313 134
0.655313 133
0.655222 132
0.655222 131
0.655222 130
0.655222 129
0.655065 129
0.654948 129
0.654948 128
0.654821 128
0.654711 128
0.654711 127
0.654629 126
0.654519 126
0.654519 125
0.654519 124
0.654398 124
0.654398 123
0.654264 123
0.654261 122
0.65421 120
0.654088 120
0.654088 119
0.653941 119
0.653795 119
0.653795 118
0.653671 118
0.653542 118
0.653417 118
0.653297 118
0.653147 118
0.653038 118
0.653038 117
0.65294 117
0.652848 116
0.652848 115
0.652742 115
0.652742 114
0.652742 113
0.652742 112
0.652596 112
0.652459 112
0.652329 112
0.652329 111
0.652329 110
0.652183 110
0.652037 110
0.652037 109
0.652037 108
0.651952 107
0.651952 106
0.651846 106
0.651719 106
0.651719 105
0.651582 105
0.651582 104
0.651445 104
0.651331 104
0.651182 104
0.651182 103
0.651061 103
0.650918 103
0.6508 103
0.650665 103
0.650583 102
0.650443 102
0.6503 102
0.650141 102
0.650141 101
0.650078 100
0.649975 100
0.649852 100
0.64971 100
0.64971 99
0.649576 99
0.649419 99
0.649268 99
0.649141 99
0.649021 99
0.648915 99
0.648776 99
0.648634 99
0.648634 98
0.648633 97
0.648633 96
0.648489 96
0.64836 96
0.648216 96
0.648216 95
0.648094 95
0.647986 95
0.647866 95
0.647813 94
0.647813 93
0.647692 93
0.647692 92
0.647562 92
0.647562 91
0.647464 91
0.647322 91
0.647187 91
0.64703 91
0.646929 91
0.646814 91
0.646677 91
0.646555 91
0.646437 91
0.646306 91
0.646306 90
0.646167 90
0.646011 90
0.645881 90
0.645738 90
0.645598 90
0.64548 90
0.645324 90
0.645188 90
0.645188 89
0.645049 89
0.644916 89
0.644916 88
0.644782 88
0.644644 88
0.644502 88
0.644502 87
0.644404 87
0.644253 87
0.644127 87
0.644026 87
0.644026 86
0.643895 86
0.643895 85
0.643755 85
0.643628 85
0.643481 85
0.643352 85
0.64321 85
0.643082 85
0.643082 84
0.642963 84
0.642855 84
0.642716 84
0.642562 84
0.642562 83
0.642447 83
0.642447 82
0.64235 81
0.642216 81
0.642079 81
0.641951 81
0.641951 80
0.641817 80
0.641736 79
0.641598 79
0.641391 79
0.64128 79
0.641192 78
0.641047 78
0.640927 78
0.640827 78
0.640679 78
0.640555 78
0.640394 78
0.640394 77
0.640262 77
0.640262 76
0.640262 75
0.640127 75
0.639919 75
0.639784 75
0.639618 75
0.639506 75
0.639506 74
0.639338 74
0.639338 73
0.639186 73
0.639049 73
0.638907 73
0.638757 73
0.638757 72
0.638603 72
0.638458 72
0.638458 71
0.638332 71
0.638203 71
0.638055 71
0.637927 71
0.637789 71
0.637634 71
0.637509 71
0.637363 71
0.637237 71
0.637103 71
0.636961 71
0.636961 70
0.636961 69
0.636892 68
0.636752 68
0.636604 68
0.63647 68
0.636319 68
0.636171 68
0.636171 67
0.636029 67
0.635898 67
0.635756 67
0.635621 67
0.635518 67
0.635379 67
0.635226 67
0.635075 67
0.634923 67
0.63479 67
0.634661 67
0.634545 67
0.634424 67
0.634296 67
0.634163 67
0.634007 67
0.633917 66
0.633798 66
0.633642 66
0.633511 66
0.633427 65
0.63328 65
0.63314 65
0.63314 64
0.63314 63
0.63314 62
0.633004 62
0.632865 62
0.632749 62
0.632749 61
0.632612 61
0.632511 61
0.632376 61
0.632253 61
0.632111 61
0.631965 61
0.631885 60
0.631755 60
0.631628 60
0.631485 60
0.631357 60
0.631236 60
0.631084 60
0.630959 60
0.630817 60
0.630657 60
0.63053 60
0.630399 60
0.630399 59
0.63024 59
0.63024 58
0.630138 58
0.629999 58
0.629861 58
0.629787 57
0.629649 57
0.629505 57
0.629351 57
0.629246 57
0.629123 57
0.62901 57
0.628872 57
0.628766 57
0.628647 57
0.628525 57
0.628379 57
0.62824 57
0.628145 56
0.628007 56
0.627895 56
0.627767 56
0.627638 56
0.627503 56
0.627362 56
0.627237 56
0.627237 55
0.627237 54
0.627091 54
0.627091 53
0.626943 53
0.626828 53
0.626703 53
0.626569 53
0.626505 52
0.626355 52
0.626249 52
0.626093 52
0.625968 52
0.625823 52
0.625678 52
0.625529 52
0.625409 52
0.625298 52
0.625177 52
0.625031 52
0.624903 52
0.624792 52
0.624659 52
0.624534 52
0.624399 52
0.624289 52
0.624158 52
0.624022 52
0.623897 52
0.623774 52
0.623624 52
0.623501 52
0.62337 52
0.623271 52
0.623129 52
0.622971 52
0.622847 52
0.62276 51
0.62276 50
0.622616 50
0.622472 50
0.62233 50
0.622185 50
0.622045 50
0.621899 50
0.621793 50
0.621672 50
0.621574 50
0.621435 50
0.621291 50
0.621141 50
0.621053 49
0.621053 48
0.620899 48
0.620741 48
0.620609 48
0.620475 48
0.620368 48
0.620273 47
0.620157 47
0.620157 46
0.620006 46
0.61988 46
0.619773 46
0.619608 46
0.619456 46
0.619306 46
0.619306 45
0.619183 45
0.619069 45
0.618919 45
0.618839 44
0.618702 44
0.618553 44
0.618442 44
0.618284 44
0.618136 44
0.617977 44
0.617839 44
0.617695 44
0.61756 44
0.617415 44
0.617288 44
0.617129 44
0.61703 44
0.616903 44
0.616806 44
0.616652 44
0.616542 44
0.616425 44
0.616269 44
0.616269 43
0.616123 43
0.616122 42
0.615991 42
0.61585 42
0.615707 42
0.615564 42
0.61545 42
0.61545 41
0.615305 41
0.615305 40
0.615175 40
0.615049 40
0.61489 40
0.614779 40
0.614622 40
0.614501 40
0.614366 40
0.614248 40
0.614131 40
0.614019 40
0.613877 40
0.613757 40
0.613607 40
0.613445 40
0.613318 40
0.613185 40
0.613065 40
0.612926 40
0.612926 39
0.612797 39
0.61266 39
0.612511 39
0.612374 39
0.612247 39
0.61211 39
0.611997 39
0.611712 39
0.611554 39
0.611441 39
0.611291 39
0.611143 39
0.611018 39
0.610718 39
0.610718 38
0.610562 38
0.610447 38
0.610289 38
0.61016 38
0.61016 37
0.610011 37
0.609882 37
0.609882 36
0.609882 35
0.60979 34
0.609641 34
0.609505 34
0.609385 34
0.609244 34
0.609132 34
0.60901 34
0.60885 34
0.608709 34
0.608567 34
0.608441 34
0.608293 34
0.608172 34
0.608068 34
0.607922 34
0.607772 34
0.607637 34
0.607509 34
0.607366 34
0.607219 34
0.607064 34
0.606923 34
0.606831 33
0.606697 33
0.606609 32
0.606458 32
0.606322 32
0.606221 32
0.606075 32
0.605921 32
0.605785 32
0.60566 32
0.605525 32
0.605525 31
0.605379 31
0.605379 30
0.605379 29
0.605228 29
0.60508 29
0.60508 28
0.604945 28
0.604817 28
0.604668 28
0.604557 28
0.604557 27
0.6044 27
0.604252 27
0.604128 27
0.603992 27
0.60386 27
0.603703 27
0.603565 27
0.603413 27
0.603266 27
0.603119 27
0.603 27
0.602859 27
0.602706 27
0.602553 27
0.602457 26
0.602329 26
0.602198 26
0.602076 26
0.601947 26
0.601809 26
0.601695 26
0.60155 26
0.60144 26
0.601326 26
0.601191 26
0.601118 25
0.600961 25
0.600812 25
0.600812 24
0.600688 24
0.600544 24
0.600402 24
0.60026 24
0.600105 24
0.599956 24
0.599819 24
0.599707 24
0.599576 24
0.599415 24
0.599415 23
0.599282 23
0.599141 23
0.599 23
0.59885 23
0.59872 23
0.598595 23
0.598454 23
0.5983 23
0.598139 23
0.597994 23
0.597855 23
0.597701 23
0.597591 23
0.597484 23
0.597356 23
0.59722 23
0.59722 22
0.59722 21
0.597083 21
0.596932 21
0.596932 20
0.596779 20
0.596628 20
0.59648 20
0.59648 19
0.59635 19
0.596204 19
0.596204 18
0.596074 18
0.595926 18
0.595926 17
0.595773 17
0.595631 17
0.595486 17
0.595486 16
0.595334 16
0.595191 16
0.595054 16
0.594921 16
0.594774 16
0.594604 16
0.594481 16
0.594357 16
0.594212 16
0.594055 16
0.593907 16
0.593831 15
0.593679 15
0.593524 15
0.593371 15
0.593233 15
0.593094 15
0.593004 14
0.592856 14
0.592752 14
0.592752 13
0.592603 13
0.592459 13
0.592309 13
0.592196 13
0.592061 13
0.591906 13
0.591758 13
0.591621 13
0.591481 13
0.591339 13
0.591339 12
0.591241 12
0.5911 12
0.590994 12
0.590847 12
0.590713 12
0.590612 12
0.590483 12
0.590383 12
0.59023 12
0.590077 12
0.589937 12
0.589798 12
0.589656 12
0.589545 12
0.589417 12
0.589265 12
0.589126 12
0.588961 12
0.588828 12
0.58868 12
0.588573 12
0.588414 12
0.588275 12
0.588127 12
0.58797 12
0.587826 12
0.587719 12
0.587566 12
0.587462 12
0.587343 12
0.58721 12
0.587119 11
0.586977 11
0.586891 10
0.586758 10
0.586607 10
0.58647 10
0.586322 10
0.586203 10
0.586053 10
0.585906 10
0.585754 10
0.585601 10
0.585494 10
0.585343 10
0.58519 10
0.585044 10
0.584904 10
0.584766 10
0.584625 10
0.58448 10
0.584359 10
0.584243 10
0.584104 10
0.583953 10
0.583827 10
0.583708 10
0.583559 10
0.583423 10
0.583288 10
0.583137 10
0.58299 10
0.582878 10
0.582781 10
0.582644 10
0.582533 10
0.582374 10
0.582216 10
0.582071 10
0.581921 10
0.581783 10
0.58164 10
0.581491 10
0.58136 10
0.581203 10
0.581055 10
0.580906 10
0.580767 10
0.58062 10
0.580472 10
0.580334 10
0.580175 10
0.580045 10
0.579898 10
0.579759 10
0.579617 10
0.579617 9
0.5795 9
0.579373 9
0.579228 9
0.579099 9
0.578959 9
0.578812 9
0.578669 9
0.57853 9
0.578375 9
0.578258 9
0.578108 9
0.578108 8
0.57797 8
0.577832 8
0.577691 8
0.577572 8
0.577425 8
0.5773 8
0.577179 8
0.577033 8
0.576887 8
0.576773 8
0.576617 8
0.576465 8
0.57632 8
0.576179 8
0.576011 8
0.575867 8
0.575727 8
0.57558 8
0.575466 8
0.575312 8
0.575158 8
0.575011 8
0.574878 8
0.574727 8
0.574591 8
0.574444 8
0.574304 8
0.574199 8
0.574052 8
0.573914 8
0.573777 8
0.573637 8
0.573637 7
0.573504 7
0.57338 7
0.573244 7
0.573094 7
0.572938 7
0.572812 7
0.572676 7
0.572518 7
0.572367 7
0.572229 7
0.572102 7
0.571952 7
0.571804 7
0.571652 7
0.571513 7
0.571378 7
0.571223 7
0.571084 7
0.570966 7
0.570824 7
0.570692 7
0.570558 7
0.570403 7
0.570262 7
0.570145 7
0.570016 7
0.570016 6
0.569873 6
0.56972 6
0.569574 6
0.569427 6
0.569292 6
0.569153 6
0.569001 6
0.568953 5
0.568833 5
0.568671 5
0.568529 5
0.568392 5
0.568243 5
0.568104 5
0.567966 5
0.56784 5
0.567696 5
0.567568 5
0.567433 5
0.567294 5
0.567159 5
0.567022 5
0.566878 5
0.566728 5
0.566582 5
0.566466 5
0.566326 5
0.566184 5
0.566057 5
0.565922 5
0.565785 5
0.565663 5
0.56555 5
0.565412 5
0.565285 5
0.56512 5
0.564971 5
0.564834 5
0.564707 5
0.564555 5
0.564429 5
0.564278 5
0.564141 5
0.564 5
0.563842 5
0.563687 5
0.563545 5
0.563404 5
0.563291 5
0.563182 5
0.563077 5
0.562933 5
0.562795 5
0.562696 5
0.562553 5
0.5624 5
0.562254 5
0.562126 5
0.561995 5
0.56185 5
0.56185 4
0.561691 4
0.561557 4
0.561448 4
0.561319 4
0.561162 4
0.561024 4
0.56088 4
0.560737 4
0.560621 4
0.560469 4
0.560332 4
0.560188 4
0.560037 4
0.559903 4
0.559756 4
0.55963 4
0.55948 4
0.559336 4
0.559187 4
0.559042 4
0.558904 4
0.558757 4
0.558615 4
0.55847 4
0.558325 4
0.558189 4
0.558187 3
0.558035 3
0.557898 3
0.557775 3
0.557643 3
0.557494 3
0.557346 3
0.557208 3
0.557079 3
0.556929 3
0.556777 3
0.556632 3
0.556503 3
0.556349 3
0.556192 3
0.556062 3
0.55591 3
0.555768 3
0.555619 3
0.555465 3
0.555312 3
0.55517 3
0.555012 3
0.554892 3
0.554756 3
0.554605 3
0.554459 3
0.554328 3
0.554175 3
0.554026 3
0.553896 3
0.553749 3
0.553618 3
0.553497 3
0.553359 3
0.553211 3
0.553093 3
0.552949 3
0.552841 3
0.552688 3
0.552545 3
0.552409 3
0.55227 3
0.55212 3
0.551978 3
0.551842 3
0.551694 3
0.551549 3
0.551394 3
0.551251 3
0.551103 3
0.550964 3
0.550808 3
0.550686 3
0.550536 3
0.550409 3
0.550274 3
0.550121 3
0.54998 3
0.549826 3
0.549676 3
0.549536 3
0.549394 3
0.549242 3
0.549103 3
0.548952 3
0.548825 3
0.548686 3
0.548529 3
0.548377 3
0.548221 3
0.548069 3
0.547928 3
0.547786 3
0.547649 3
0.547511 3
0.547377 3
0.547237 3
0.547114 3
0.546994 3
0.54688 3
0.546729 3
0.546576 3
0.546469 3
0.546337 3
0.546219 3
0.546075 3
0.545939 3
0.545827 3
0.545682 3
0.545539 3
0.5454 3
0.545251 3
0.545108 3
0.544964 3
0.544814 3
0.544671 3
0.544542 3
0.54439 3
0.544244 3
0.544104 3
0.543985 3
0.543837 3
0.543697 3
0.543566 3
0.543424 3
0.543278 3
0.543148 3
0.543005 3
0.542869 3
0.542716 3
0.542413 3
0.54227 3
0.542109 3
0.541967 3
0.54182 3
0.541678 3
0.541544 3
0.541408 3
0.541282 3
0.541124 3
0.54098 3
0.540832 3
0.540691 3
0.540559 3
0.540393 3
0.540259 3
0.5401 3
0.539989 3
0.539843 3
0.5397 3
0.539565 3
0.539421 3
0.539295 3
0.539166 3
0.539023 3
0.538891 3
0.538735 3
0.538575 3
0.538431 3
0.538294 3
0.538145 3
0.537997 3
0.537843 3
0.53768 3
0.537533 3
0.537376 3
0.537236 3
0.537109 3
0.536961 3
0.536836 3
0.536688 3
0.536543 3
0.536436 3
0.536293 3
0.536135 3
0.535987 3
0.535844 3
0.535697 3
0.535565 3
0.535426 3
0.535306 3
0.535153 3
0.535008 3
0.534862 3
0.534709 3
0.534584 3
0.534431 3
0.534293 3
0.534177 3
0.534024 3
0.533873 3
0.533722 3
0.533565 3
0.533421 3
0.533277 3
0.533143 3
0.533011 3
0.532871 3
0.532718 3
0.532555 3
0.532408 3
0.532267 3
0.532158 3
0.53202 3
0.531871 3
0.531782 2
0.531623 2
0.531499 2
0.531365 2
0.53121 2
0.53107 2
0.530917 2
0.530745 2
0.530599 2
0.530471 2
0.53034 2
0.53019 2
0.530036 2
0.529889 2
0.529749 2
0.529612 2
0.52946 2
0.52934 2
0.529209 2
0.529054 2
0.5289 2
0.528741 2
0.528591 2
0.528439 2
0.528304 2
0.528179 2
0.52804 2
0.527913 2
0.527761 2
0.52761 2
0.527589 1
0.527446 1
0.527296 1
0.52717 1
0.527027 1
0.526892 1
0.526731 1
0.526586 1
0.526448 1
0.526291 1
0.52615 1
0.526007 1
0.525872 1
0.525713 1
0.525571 1
0.525438 1
0.525289 1
0.525148 1
0.524998 1
0.524869 1
0.524733 1
0.524593 1
0.524437 1
0.5243 1
0.524163 1
0.524047 1
0.523898 1
0.523737 1
0.523584 1
0.523435 1
0.523278 1
0.523123 1
0.522967 1
0.522826 1
0.522681 1
0.522533 1
0.522414 1
0.522272 1
0.522125 1
0.521972 1
0.521838 1
0.521683 1
0.521546 1
0.521403 1
0.521249 1
0.521101 1
0.520953 1
0.520807 1
0.520655 1
0.520506 1
0.520364 1
0.520203 1
0.520051 1
0.519908 1
0.51976 1
0.519622 1
0.519469 1
0.519335 1
0.519192 1
0.519048 1
0.518898 1
0.518749 1
0.518612 1
0.51848 1
0.518353 1
0.518207 1
0.518064 1
0.517928 1
0.517777 1
0.517629 1
0.517497 1
0.517359 1
0.51721 1
0.517066 1
0.516921 1
0.516768 1
0.516619 1
0.516466 1
0.516331 1
0.5162 1
0.51606 1
0.515903 1
0.515757 1
0.515615 1
0.515475 1
0.515327 1
0.515194 1
0.515041 1
0.514892 1
0.514777 1
0.514625 1
0.5145 1
0.514356 1
0.514212 1
0.514072 1
0.513959 1
0.513807 1
0.513807 0
0.513676 0
0.513555 0
0.513411 0
0.513267 0
0.513114 0
0.512978 0
0.512823 0
0.512668 0
0.512521 0
0.512374 0
0.512244 0
0.512094 0
0.511945 0
0.51181 0
0.51167 0
0.511531 0
0.511386 0
0.511235 0
0.511091 0
0.51096 0
0.510806 0
0.510664 0
0.51054 0
0.510406 0
0.510249 0
0.510116 0
0.509965 0
0.509809 0
0.509654 0
0.5095 0
0.509357 0
0.509215 0
0.509063 0
0.508914 0
0.508761 0
0.508603 0
0.508469 0
0.508337 0
0.50819 0
0.50804 0
0.507898 0
0.507783 0
0.507635 0
0.507478 0
0.507347 0
0.507212 0
0.507089 0
0.506971 0
0.506832 0
0.506687 0
0.50655 0
0.506404 0
0.506249 0
0.506091 0
0.505839 0
0.505691 0
0.505537 0
0.505384 0
0.505239 0
0.5051 0
0.504948 0
0.504806 0
0.504663 0
0.504528 0
0.504423 0
0.504287 0
0.504135 0
0.503989 0
0.503845 0
0.503689 0
0.503552 0
0.503402 0
0.503261 0
0.503117 0
0.502957 0
0.502825 0
0.502695 0
0.502571 0
0.502423 0
0.502271 0
0.502124 0
0.501967 0
0.501685 0
0.501541 0
0.501419 0
0.501262 0
0.50112 0
0.50097 0
0.500815 0
0.500668 0
0.500532 0
0.500387 0
0.50025 0
0.500116 0
0.49996 0
0.499799 0
0.499654 0
0.499519 0
0.499372 0
0.499232 0
0.499084 0
0.498932 0
0.498788 0
0.498643 0
0.498495 0
0.498376 0
0.498235 0
0.498084 0
0.497949 0
0.497807 0
0.497699 0
0.49755 0
0.497396 0
0.497261 0
0.497107 0
0.496966 0
0.496678 0
0.496537 0
0.496387 0
0.496246 0
0.496112 0
0.495956 0
0.495813 0
0.495663 0
0.495529 0
0.495378 0
0.495214 0
0.495083 0
0.494934 0
0.494812 0
0.494652 0
0.494498 0
0.494368 0
0.494217 0
0.494076 0
0.493919 0
0.493791 0
0.493642 0
0.493492 0
0.493342 0
0.493192 0
0.493046 0
0.492899 0
0.492741 0
0.492605 0
0.492478 0
0.492355 0
0.492208 0
0.492051 0
0.491915 0
0.491765 0
0.49162 0
0.491507 0
0.491376 0
0.491223 0
0.491098 0
0.490959 0
0.49081 0
0.490646 0
0.490512 0
0.490374 0
0.490218 0
0.490061 0
0.489922 0
0.48978 0
0.489625 0
0.489472 0
0.489321 0
0.489173 0
0.48903 0
0.488892 0
0.488754 0
0.488635 0
0.488484 0
0.488332 0
0.488182 0
0.488046 0
0.487904 0
0.487759 0
0.487606 0
0.487478 0
0.487327 0
0.487182 0
0.487019 0
0.486864 0
0.486713 0
0.486572 0
0.486437 0
0.486279 0
0.486124 0
0.48597 0
0.485838 0
0.485688 0
0.485537 0
0.485422 0
0.485272 0
0.485127 0
0.484987 0
0.484835 0
0.484681 0
0.484528 0
0.484374 0
0.48422 0
0.484091 0
0.483938 0
0.483808 0
0.483658 0
0.483504 0
0.483364 0
0.483218 0
0.483061 0
0.482913 0
0.482771 0
0.482622 0
0.482484 0
0.482335 0
0.482182 0
0.482051 0
0.481897 0
0.481786 0
0.481657 0
0.481512 0
0.481358 0
0.481227 0
0.481093 0
0.480937 0
0.48081 0
0.480655 0
0.480504 0
0.480355 0
0.480204 0
0.480048 0
0.479891 0
0.479743 0
0.479589 0
0.479442 0
0.47931 0
0.47916 0
0.47902 0
0.478898 0
0.478755 0
0.478596 0
0.478473 0
0.478334 0
0.478204 0
0.478065 0
0.477945 0
0.47779 0
0.477635 0
0.477496 0
0.477342 0
0.477197 0
0.47704 0
0.476897 0
0.47676 0
0.476609 0
0.476464 0
0.476322 0
0.476183 0
0.476029 0
0.475898 0
0.475762 0
0.475605 0
0.475452 0
0.4753 0
0.475143 0
0.475002 0
0.474847 0
0.474707 0
0.474558 0
0.474428 0
0.474277 0
0.474132 0
0.473991 0
0.473828 0
0.473685 0
0.473538 0
0.473408 0
0.47328 0
0.473177 0
0.47303 0
0.47287 0
0.47273 0
0.472578 0
0.47242 0
0.472272 0
0.47212 0
0.471984 0
0.471834 0
0.47169 0
0.471546 0
0.471413 0
0.471265 0
0.471127 0
0.470974 0
0.470851 0
0.470697 0
0.470543 0
0.470388 0
0.470266 0
0.470123 0
0.469856 0
0.469708 0
0.469562 0
0.469405 0
0.469261 0
0.469119 0
0.46896 0
0.468813 0
0.468659 0
0.468516 0
0.468371 0
0.46822 0
0.468086 0
0.467939 0
0.467796 0
0.467641 0
0.467511 0
0.467355 0
0.467206 0
0.46706 0
0.466918 0
0.466767 0
0.466599 0
0.466462 0
0.46631 0
0.466175 0
0.46603 0
0.465879 0
0.465719 0
0.465571 0
0.465433 0
0.465278 0
0.465127 0
0.464973 0
0.464853 0
0.464704 0
0.464557 0
0.464427 0
0.464297 0
0.464161 0
0.464021 0
0.463862 0
0.463696 0
0.463547 0
0.463398 0
0.463245 0
0.463102 0
0.462939 0
0.462791 0
0.462643 0
0.462502 0
0.462348 0
0.462213 0
0.462062 0
0.461919 0
0.461787 0
0.46163 0
0.461479 0
0.461333 0
0.461178 0
0.461021 0
0.460869 0
0.460717 0
0.460579 0
0.460428 0
0.460272 0
0.460112 0
0.459965 0
0.459823 0
0.459679 0
0.459575 0
0.459422 0
0.45927 0
0.459112 0
0.458975 0
0.458807 0
0.458667 0
0.458517 0
0.458371 0
0.458225 0
0.458101 0
0.457961 0
0.457808 0
0.457679 0
0.45753 0
0.457376 0
0.45722 0
0.457074 0
0.456937 0
0.456787 0
0.456641 0
0.456504 0
0.456352 0
0.456199 0
0.456053 0
0.455908 0
0.455765 0
0.455602 0
0.455461 0
0.455321 0
0.455169 0
0.455029 0
0.454885 0
0.454729 0
0.454598 0
0.454455 0
0.454312 0
0.454009 0
0.453867 0
0.453725 0
0.453608 0
0.453465 0
0.453311 0
0.453163 0
0.453029 0
0.452902 0
0.452754 0
0.452603 0
0.452475 0
0.452325 0
0.452185 0
0.452052 0
0.4519 0
0.451774 0
0.451627 0
0.45148 0
0.451324 0
0.451166 0
0.451019 0
0.450869 0
0.450727 0
0.450594 0
0.450442 0
0.4503 0
0.450142 0
0.45002 0
0.449871 0
0.449729 0
0.449581 0
0.449451 0
0.449309 0
0.449163 0
0.449062 0
0.448934 0
0.448765 0
0.448623 0
0.448482 0
0.44833 0
0.448177 0
0.448044 0
0.447897 0
0.447768 0
0.447618 0
0.447465 0
0.447311 0
0.447167 0
0.447014 0
0.446881 0
0.446755 0
0.446597 0
0.446442 0
0.446298 0
0.446141 0
0.446001 0
0.44584 0
0.445696 0
0.445552 0
0.445408 0
0.445252 0
0.445108 0
0.444956 0
0.444803 0
0.44467 0
0.444552 0
0.444404 0
0.444266 0
0.444121 0
0.443963 0
0.443816 0
0.443668 0
0.443517 0
0.443358 0
0.443212 0
0.443059 0
0.442926 0
0.44278 0
0.442628 0
0.442489 0
0.442354 0
0.442217 0
0.44208 0
0.441927 0
0.441772 0
0.441623 0
0.441475 0
0.441354 0
0.441208 0
0.441058 0
0.440912 0
0.44076 0
0.440603 0
0.440475 0
0.440326 0
0.440185 0
0.440041 0
0.439901 0
0.439756 0
0.439608 0
0.439469 0
0.439327 0
0.439169 0
0.439026 0
0.438877 0
0.43874 0
0.43859 0
0.438447 0
0.438307 0
0.438158 0
0.438015 0
0.437876 0
0.437725 0
0.437587 0
0.437451 0
0.437301 0
0.437142 0
0.437005 0
0.436859 0
0.436705 0
0.436556 0
0.436412 0
0.436261 0
0.436118 0
0.435798 0
0.43565 0
0.43551 0
0.435367 0
0.435221 0
0.435083 0
0.434935 0
0.434796 0
0.434654 0
0.434502 0
0.434353 0
0.434199 0
0.434044 0
0.433895 0
0.433755 0
0.433597 0
0.433466 0
0.433338 0
0.433194 0
0.433067 0
0.432936 0
0.43279 0
0.432635 0
0.432488 0
0.432351 0
0.432205 0
0.432057 0
0.431917 0
0.431785 0
0.431628 0
0.431478 0
0.43132 0
0.431168 0
0.431016 0
0.43088 0
0.430736 0
0.430601 0
0.430478 0
0.43035 0
0.4302 0
0.430047 0
0.429897 0
0.429784 0
0.429644 0
0.429517 0
0.42938 0
0.429221 0
0.429097 0
0.428955 0
0.428808 0
0.428652 0
0.4285 0
0.428362 0
0.428211 0
0.428075 0
0.427924 0
0.427643 0
0.427478 0
0.427323 0
0.427192 0
0.427052 0
0.426905 0
0.426622 0
0.426473 0
0.426344 0
0.426196 0
0.426058 0
0.425906 0
0.425747 0
0.425601 0
0.425475 0
0.425329 0
0.425174 0
0.425028 0
0.424883 0
0.424735 0
0.424577 0
0.424424 0
0.424297 0
0.42415 0
0.424006 0
0.423845 0
0.423684 0
0.423533 0
0.423401 0
0.423251 0
0.42311 0
0.422971 0
0.422811 0
0.422677 0
0.422537 0
0.422406 0
0.422249 0
0.422114 0
0.42197 0
0.421838 0
0.421716 0
0.421567 0
0.421435 0
0.42128 0
0.421145 0
0.420992 0
0.420843 0
0.420696 0
0.420547 0
0.420424 0
0.420278 0
0.420135 0
0.419996 0
0.419851 0
0.419709 0
0.419563 0
0.419421 0
0.419281 0
0.419132 0
0.418978 0
0.418843 0
0.418692 0
0.418549 0
0.418398 0
0.418257 0
0.418105 0
0.417958 0
0.41782 0
0.417675 0
0.417537 0
0.417404 0
0.417269 0
0.417134 0
0.416977 0
0.416825 0
0.416697 0
0.416546 0
0.416391 0
0.416247 0
0.416094 0
0.415941 0
0.415794 0
0.415651 0
0.415516 0
0.415371 0
0.415216 0
0.415067 0
0.41492 0
0.41477 0
0.414628 0
0.414482 0
0.414336 0
0.414191 0
0.414038 0
0.413894 0
0.413727 0
0.413575 0
0.413427 0
0.413309 0
0.413151 0
0.413014 0
0.412858 0
0.412714 0
0.412581 0
0.412453 0
0.412308 0
0.412165 0
0.412036 0
0.411906 0
0.411751 0
0.411608 0
0.411463 0
0.411336 0
0.411177 0
0.411039 0
0.410909 0
0.410752 0
0.410602 0
0.410451 0
0.410319 0
0.410165 0
0.409987 0
0.409836 0
0.409559 0
0.409404 0
0.409261 0
0.409125 0
0.408957 0
0.408811 0
0.408668 0
0.408526 0
0.408367 0
0.408222 0
0.408098 0
0.40796 0
0.407836 0
0.407685 0
0.407521 0
0.407374 0
0.407249 0
0.40709 0
0.406949 0
0.406799 0
0.406658 0
0.406525 0
0.406367 0
0.406212 0
0.406068 0
0.40592 0
0.40578 0
0.405635 0
0.405485 0
0.405342 0
0.405196 0
0.405058 0
0.404899 0
0.404754 0
0.404603 0
0.404448 0
0.404326 0
0.404032 0
0.403885 0
0.403748 0
0.403612 0
0.403462 0
0.403309 0
0.403159 0
0.403017 0
0.402875 0
0.402732 0
0.40258 0
0.402436 0
0.402281 0
0.40212 0
0.401979 0
0.401852 0
0.401708 0
0.401564 0
0.401422 0
0.401282 0
0.401 0
0.400859 0
0.400596 0
0.400449 0
0.4003 0
0.400159 0
0.400007 0
0.399857 0
0.399716 0
0.399584 0
0.399296 0
0.39915 0
0.399007 0
0.398748 0
0.398595 0
0.398437 0
0.398302 0
0.398145 0
0.397998 0
0.397847 0
0.397699 0
0.397547 0
0.39742 0
0.39727 0
0.397133 0
0.396986 0
0.39684 0
0.396538 0
0.3964 0
0.396266 0
0.396126 0
0.395982 0
0.395828 0
0.395675 0
0.395527 0
0.395392 0
0.395241 0
0.395107 0
0.394965 0
0.394811 0
0.394662 0
0.39451 0
0.394248 0
0.39395 0
0.393819 0
0.393662 0
0.393508 0
0.393369 0
0.393251 0
0.393108 0
0.392952 0
0.392808 0
0.392669 0
0.392512 0
0.39236 0
0.39223 0
0.392073 0
0.391928 0
0.391795 0
0.391661 0
0.391523 0
0.391382 0
0.391248 0
0.391113 0
0.390946 0
0.390791 0
0.390664 0
0.39052 0
0.390381 0
0.390233 0
0.390084 0
0.389928 0
0.389786 0
0.38964 0
0.389485 0
0.389335 0
0.389177 0
0.389044 0
0.38891 0
0.388763 0
0.388615 0
0.388309 0
0.388169 0
0.388025 0
0.387881 0
0.387726 0
0.387585 0
0.387436 0
0.387297 0
0.387155 0
0.387011 0
0.386859 0
0.386718 0
0.38655 0
0.3864 0
0.386268 0
0.386127 0
0.385989 0
0.385843 0
0.385691 0
0.385533 0
0.385398 0
0.385255 0
0.385127 0
0.384975 0
0.384845 0
0.384718 0
0.384591 0
0.384455 0
0.384318 0
0.38416 0
0.384006 0
0.383849 0
0.383713 0
0.383583 0
0.383422 0
0.383269 0
0.383118 0
0.382839 0
0.382696 0
0.382546 0
0.382407 0
0.382259 0
0.382116 0
0.381962 0
0.38182 0
0.38167 0
0.381532 0
0.38137 0
0.381207 0
0.381057 0
0.380929 0
0.380783 0
0.380627 0
0.380479 0
0.380331 0
0.380189 0
0.380049 0
0.379896 0
0.379768 0
0.37961 0
0.379452 0
0.379314 0
0.379175 0
0.37902 0
0.378882 0
0.378716 0
0.378581 0
0.37844 0
0.378284 0
0.378129 0
0.377978 0
0.377828 0
0.377716 0
0.377578 0
0.377418 0
0.377296 0
0.377146 0
0.377003 0
0.376853 0
0.376705 0
0.376556 0
0.376403 0
0.37626 0
0.376129 0
0.37599 0
0.375846 0
0.375696 0
0.37556 0
0.375417 0
0.375268 0
0.375116 0
0.374963 0
0.374809 0
0.374651 0
0.374516 0
0.37437 0
0.374239 0
0.374098 0
0.373949 0
0.373802 0
0.373671 0
0.373512 0
0.373218 0
0.372928 0
0.37279 0
0.372641 0
0.372331 0
0.372174 0
0.372032 0
0.371894 0
0.371738 0
0.3716 0
0.371446 0
0.371287 0
0.371136 0
0.37099 0
0.370832 0
0.370677 0
0.370235 0
0.370091 0
0.369938 0
0.369802 0
0.369648 0
0.369516 0
0.369366 0
0.369227 0
0.369076 0
0.368921 0
0.368771 0
0.368629 0
0.368482 0
0.36834 0
0.36819 0
0.368049 0
0.367906 0
0.367606 0
0.367447 0
0.367309 0
0.367175 0
0.367027 0
0.366873 0
0.366723 0
0.366568 0
0.366424 0
0.366272 0
0.366122 0
0.365971 0
0.365831 0
0.365712 0
0.365565 0
0.365423 0
0.365275 0
0.36513 0
0.364988 0
0.36483 0
0.364672 0
0.364541 0
0.364393 0
0.364249 0
0.364102 0
0.363979 0
0.363833 0
0.363681 0
0.363539 0
0.363395 0
0.363255 0
0.363107 0
0.362963 0
0.362821 0
0.362677 0
0.36254 0
0.362388 0
0.362235 0
0.36208 0
0.361941 0
0.361782 0
0.361631 0
0.361477 0
0.36137 0
0.361216 0
0.361062 0
0.360915 0
0.360762 0
0.360621 0
0.360472 0
0.360344 0
0.36019 0
0.360034 0
0.359889 0
0.359749 0
0.359616 0
0.359467 0
0.359312 0
0.359164 0
0.359023 0
0.358873 0
0.358728 0
0.358432 0
0.358289 0
0.358147 0
0.357997 0
0.357858 0
0.357703 0
0.357555 0
0.357412 0
0.357264 0
0.356978 0
0.356823 0
0.356671 0
0.356558 0
0.356428 0
0.356285 0
0.356141 0
0.355995 0
0.355857 0
0.355699 0
0.35556 0
0.35541 0
0.355262 0
0.355116 0
0.354973 0
0.35484 0
0.354535 0
0.354386 0
0.354247 0
0.354095 0
0.353952 0
0.35365 0
0.353497 0
0.353214 0
0.353074 0
0.352917 0
0.352765 0
0.352633 0
0.352485 0
0.352331 0
0.352175 0
0.352037 0
0.351904 0
0.351746 0
0.351604 0
0.351457 0
0.351326 0
0.351172 0
0.351027 0
0.350891 0
0.350756 0
0.350607 0
0.35046 0
0.35031 0
0.350163 0
0.350008 0
0.349867 0
0.34973 0
0.349571 0
0.349416 0
0.349273 0
0.349119 0
0.348966 0
0.348825 0
0.348682 0
0.348546 0
0.348398 0
0.348248 0
0.348101 0
0.34794 0
0.347795 0
0.347648 0
0.347504 0
0.347348 0
0.3472 0
0.347055 0
0.346909 0
0.346765 0
0.346627 0
0.346468 0
0.346334 0
0.346191 0
0.346053 0
0.34591 0
0.345755 0
0.345628 0
0.345481 0
0.345326 0
0.345184 0
0.34504 0
0.344895 0
0.344767 0
0.344622 0
0.344481 0
0.344337 0
0.344185 0
0.344038 0
0.343882 0
0.343728 0
0.343589 0
0.343458 0
0.343309 0
0.343163 0
0.343022 0
0.342873 0
0.342715 0
0.342569 0
0.342427 0
0.342277 0
0.342138 0
0.342001 0
0.341849 0
0.341697 0
0.341551 0
0.341412 0
0.341268 0
0.341124 0
0.340984 0
0.340838 0
0.340682 0
0.340554 0
0.3404 0
0.340255 0
0.340104 0
0.339957 0
0.339826 0
0.339679 0
0.339541 0
0.339397 0
0.33925 0
0.339108 0
0.338962 0
0.338813 0
0.338677 0
0.33856 0
0.338416 0
0.338265 0
0.338131 0
0.337986 0
0.337832 0
0.337686 0
0.337532 0
0.337379 0
0.337235 0
0.337079 0
0.336948 0
0.336816 0
0.336671 0
0.336525 0
0.336385 0
0.336243 0
0.33611 0
0.335814 0
0.335654 0
0.3355 0
0.335346 0
0.335204 0
0.335068 0
0.334922 0
0.334777 0
0.334505 0
0.334368 0
0.334218 0
0.3341 0
0.333958 0
0.333825 0
0.333674 0
0.333524 0
0.33338 0
0.333239 0
0.333079 0
0.332921 0
0.332771 0
0.332617 0
0.332469 0
0.332322 0
0.332174 0
0.331877 0
0.331734 0
0.331569 0
0.331424 0
0.331277 0
0.331126 0
0.330979 0
0.330821 0
0.330694 0
0.33055 0
0.330399 0
0.330257 0
0.33012 0
0.329983 0
0.32983 0
0.329694 0
0.32954 0
0.329385 0
0.329234 0
0.329098 0
0.328944 0
0.328791 0
0.328638 0
0.328487 0
0.328335 0
0.328185 0
0.328049 0
0.327927 0
0.327792 0
0.32765 0
0.327517 0
0.327371 0
0.327226 0
0.326964 0
0.326828 0
0.326522 0
0.326223 0
0.326075 0
0.325932 0
0.325805 0
0.325661 0
0.325515 0
0.325357 0
0.325097 0
0.324953 0
0.324817 0
0.324671 0
0.324534 0
0.324395 0
0.324263 0
0.324122 0
0.323991 0
0.323702 0
0.323547 0
0.323388 0
0.323264 0
0.323141 0
0.322983 0
0.322825 0
0.32271 0
0.322577 0
0.322425 0
0.322277 0
0.322141 0
0.32199 0
0.321833 0
0.321697 0
0.321551 0
0.321397 0
0.321244 0
0.321091 0
0.320782 0
0.320635 0
0.320484 0
0.32034 0
0.320187 0
0.319913 0
0.319808 0
0.31967 0
0.319543 0
0.319396 0
0.319247 0
0.319096 0
0.318943 0
0.318802 0
0.318647 0
0.318508 0
0.318361 0
0.318207 0
0.318063 0
0.317936 0
0.317785 0
0.317643 0
0.317504 0
0.317363 0
0.317218 0
0.316807 0
0.316665 0
0.316524 0
0.316383 0
0.316237 0
0.316099 0
0.315822 0
0.315683 0
0.315523 0
0.315381 0
0.315233 0
0.315081 0
0.314929 0
0.314633 0
0.314487 0
0.314345 0
0.314191 0
0.314056 0
0.313945 0
0.313794 0
0.313652 0
0.313511 0
0.31336 0
0.313221 0
0.31307 0
0.312914 0
0.312767 0
0.312623 0
0.312475 0
0.312332 0
0.31218 0
0.312044 0
0.311902 0
0.311749 0
0.311594 0
0.311437 0
0.311303 0
0.311157 0
0.311005 0
0.310861 0
0.310706 0
0.310558 0
0.310416 0
0.310281 0
0.310143 0
0.310006 0
0.30986 0
0.309556 0
0.309406 0
0.309258 0
0.309115 0
0.308967 0
0.308814 0
0.308667 0
0.308517 0
0.308371 0
0.308222 0
0.308067 0
0.307921 0
0.307618 0
0.307475 0
0.307323 0
0.307174 0
0.307037 0
0.306887 0
0.306749 0
0.306593 0
0.306451 0
0.306302 0
0.30616 0
0.30603 0
0.305885 0
0.305737 0
0.305603 0
0.305454 0
0.305317 0
0.305167 0
0.305017 0
0.304862 0
0.304712 0
0.304567 0
0.30428 0
0.304131 0
0.303982 0
0.303842 0
0.30369 0
0.303542 0
0.30339 0
0.303086 0
0.302936 0
0.302792 0
0.302652 0
0.302503 0
0.30236 0
0.302077 0
0.30194 0
0.301799 0
0.301667 0
0.301523 0
0.301384 0
0.301246 0
0.301101 0
0.300958 0
0.300814 0
0.300676 0
0.300525 0
0.300373 0
0.300236 0
0.30008 0
0.299924 0
0.299786 0
0.299637 0
0.299509 0
0.299368 0
0.299232 0
0.299087 0
0.298943 0
0.298803 0
0.298661 0
0.298504 0
0.298377 0
0.298226 0
0.297915 0
0.297766 0
0.297632 0
0.297485 0
0.297324 0
0.297167 0
0.297021 0
0.296868 0
0.296723 0
0.296572 0
0.29642 0
0.296121 0
0.295965 0
0.295813 0
0.295517 0
0.295365 0
0.295225 0
0.295076 0
0.294937 0
0.294789 0
0.29465 0
0.294501 0
0.294366 0
0.294209 0
0.294069 0
0.293927 0
0.293767 0
0.293619 0
0.293464 0
0.293322 0
0.293168 0
0.293024 0
0.292876 0
0.292751 0
0.292596 0
0.292302 0
0.292155 0
0.29202 0
0.291735 0
0.291592 0
0.29144 0
0.291293 0
0.291158 0
0.291004 0
0.290859 0
0.290705 0
0.290559 0
0.290419 0
0.290266 0
0.290115 0
0.289972 0
0.28983 0
0.28969 0
0.289537 0
0.289412 0
0.289265 0
0.289104 0
0.288962 0
0.288809 0
0.288674 0
0.288545 0
0.288408 0
0.288262 0
0.288113 0
0.287996 0
0.287851 0
0.287699 0
0.287542 0
0.287398 0
0.287263 0
0.286991 0
0.286851 0
0.286702 0
0.286561 0
0.286272 0
0.286124 0
0.28597 0
0.285829 0
0.285681 0
0.285529 0
0.285386 0
0.285227 0
0.285079 0
0.28494 0
0.284792 0
0.284647 0
0.284496 0
0.284345 0
0.2842 0
0.284065 0
0.283924 0
0.283775 0
0.28363 0
0.283477 0
0.283331 0
0.283177 0
0.283024 0
0.282881 0
0.282738 0
0.282461 0
0.282317 0
0.282167 0
0.282022 0
0.281888 0
0.281772 0
0.28163 0
0.281477 0
0.281334 0
0.281195 0
0.281051 0
0.280902 0
0.280758 0
0.280606 0
0.280337 0
0.280188 0
0.280053 0
0.27991 0
0.279765 0
0.279622 0
0.279477 0
0.279329 0
0.279175 0
0.279019 0
0.278867 0
0.278713 0
0.278563 0
0.278423 0
0.278273 0
0.278136 0
0.277995 0
0.277853 0
0.277707 0
0.277557 0
0.277405 0
0.277253 0
0.277106 0
0.276973 0
0.276824 0
0.276672 0
0.276525 0
0.276386 0
0.276253 0
0.27612 0
0.275981 0
0.275853 0
0.275707 0
0.275559 0
0.27541 0
0.275119 0
0.27497 0
0.274849 0
0.274553 0
0.27442 0
0.274272 0
0.273971 0
0.273831 0
0.273697 0
0.273539 0
0.273403 0
0.273269 0
0.273125 0
0.27299 0
0.272842 0
0.272701 0
0.272569 0
0.272417 0
0.272247 0
0.272098 0
0.271958 0
0.27182 0
0.271682 0
0.271529 0
0.271375 0
0.271222 0
0.271091 0
0.270965 0
0.270808 0
0.270655 0
0.270526 0
0.270372 0
0.27008 0
0.269937 0
0.26979 0
0.269657 0
0.269523 0
0.269382 0
0.269237 0
0.269088 0
0.268953 0
0.268809 0
0.268515 0
0.268369 0
0.268082 0
0.267926 0
0.267779 0
0.267639 0
0.267502 0
0.267358 0
0.267205 0
0.267057 0
0.266926 0
0.266779 0
0.266627 0
0.266479 0
0.266322 0
0.26618 0
0.266025 0
0.265891 0
0.265736 0
0.265337 0
0.265202 0
0.265064 0
0.264929 0
0.264778 0
0.264642 0
0.264506 0
0.264348 0
0.264054 0
0.263899 0
0.26374 0
0.26364 0
0.263492 0
0.263223 0
0.263075 0
0.262769 0
0.262616 0
0.26247 0
0.262163 0
0.262021 0
0.261873 0
0.26172 0
0.261411 0
0.261269 0
0.261123 0
0.260974 0
0.260816 0
0.260678 0
0.260527 0
0.260378 0
0.260242 0
0.260082 0
0.259783 0
0.259632 0
0.259338 0
0.259184 0
0.259052 0
0.258908 0
0.258753 0
0.258599 0
0.258466 0
0.258171 0
0.258023 0
0.257874 0
0.257739 0
0.257306 0
0.257158 0
0.256882 0
0.25673 0
0.256583 0
0.256431 0
0.256281 0
0.256141 0
0.256002 0
0.25585 0
0.255706 0
0.255566 0
0.255425 0
0.255291 0
0.255143 0
0.254996 0
0.254844 0
0.254704 0
0.254547 0
0.254406 0
0.254252 0
0.254101 0
0.253967 0
0.253807 0
0.253671 0
0.253525 0
0.253377 0
0.253239 0
0.253095 0
0.252937 0
0.252782 0
0.252635 0
0.252192 0
0.251767 0
0.251615 0
0.251468 0
0.251326 0
0.251205 0
0.25107 0
0.250926 0
0.25078 0
0.250499 0
0.250346 0
0.250225 0
0.250094 0
0.249815 0
0.249665 0
0.249381 0
0.249231 0
0.249082 0
0.248935 0
0.248798 0
0.248662 0
0.248533 0
0.24838 0
0.248234 0
0.248088 0
0.24794 0
0.247791 0
0.247648 0
0.247352 0
0.247202 0
0.247054 0
0.246756 0
0.24646 0
0.246304 0
0.246164 0
0.246024 0
0.245734 0
0.245586 0
0.24543 0
0.245275 0
0.24484 0
0.244688 0
0.244548 0
0.244263 0
0.244118 0
0.243961 0
0.243681 0
0.243522 0
0.24337 0
0.243221 0
0.243063 0
0.242914 0
0.242764 0
0.242458 0
0.242319 0
0.242172 0
0.242027 0
0.241893 0
0.241586 0
0.241435 0
0.241284 0
0.241 0
0.240861 0
0.240567 0
0.240424 0
0.240284 0
0.240161 0
0.240021 0
0.239881 0
0.239588 0
0.2393 0
0.239161 0
0.239026 0
0.238884 0
0.238729 0
0.238571 0
0.238432 0
0.238295 0
0.238156 0
0.237867 0
0.23772 0
0.237565 0
0.237418 0
0.237271 0
0.237117 0
0.236969 0
0.236824 0
0.236677 0
0.236522 0
0.236381 0
0.236241 0
0.236089 0
0.235935 0
0.235802 0
0.235645 0
0.235503 0
0.235367 0
0.235217 0
0.235062 0
0.234937 0
0.234781 0
0.234495 0
0.234355 0
0.234057 0
0.233905 0
0.233605 0
0.233312 0
0.233179 0
0.233025 0
0.23275 0
0.23261 0
0.232316 0
0.232172 0
0.232026 0
0.231872 0
0.23173 0
0.231589 0
0.231451 0
0.231012 0
0.230861 0
0.230409 0
0.230259 0
0.230111 0
0.229954 0
0.229688 0
0.229407 0
0.229271 0
0.229126 0
0.228692 0
0.228542 0
0.228401 0
0.228264 0
0.228115 0
0.227966 0
0.227812 0
0.227657 0
0.227511 0
0.227359 0
0.22722 0
0.226933 0
0.226774 0
0.226484 0
0.226333 0
0.22621 0
0.226064 0
0.225921 0
0.225622 0
0.225479 0
0.225321 0
0.225038 0
0.224891 0
0.224738 0
0.224607 0
0.224331 0
0.224179 0
0.223895 0
0.223748 0
0.223607 0
0.223472 0
0.223324 0
0.223194 0
0.223048 0
0.222911 0
0.222761 0
0.22262 0
0.222324 0
0.22218 0
0.222032 0
0.221881 0
0.221744 0
0.221598 0
0.221441 0
0.221284 0
0.221131 0
0.22098 0
0.220836 0
0.220694 0
0.220537 0
0.220385 0
0.220103 0
0.219805 0
0.219663 0
0.21951 0
0.219356 0
0.219206 0
0.21906 0
0.218919 0
0.21878 0
0.218636 0
0.21849 0
0.218348 0
0.218202 0
0.218062 0
0.217917 0
0.217758 0
0.217615 0
0.217472 0
0.217172 0
0.217034 0
0.216882 0
0.216754 0
0.216608 0
0.216308 0
0.216017 0
0.21587 0
0.215736 0
0.215594 0
0.215442 0
0.21515 0
0.214992 0
0.214846 0
0.214697 0
0.214546 0
0.214418 0
0.214271 0
0.214116 0
0.213959 0
0.213815 0
0.213677 0
0.213526 0
0.21338 0
0.213229 0
0.213078 0
0.212938 0
0.21279 0
0.212495 0
0.212347 0
0.212193 0
0.211766 0
0.211618 0
0.211467 0
0.211164 0
0.211018 0
0.210573 0
0.210426 0
0.210135 0
0.209991 0
0.20954 0
0.209388 0
0.209252 0
0.208959 0
0.20882 0
0.208669 0
0.208524 0
0.208379 0
0.208079 0
0.207939 0
0.207802 0
0.207654 0
0.207514 0
0.207366 0
0.20706 0
0.20692 0
0.206639 0
0.20649 0
0.206335 0
0.20603 0
0.205761 0
0.205487 0
0.205339 0
0.205203 0
0.205075 0
0.20493 0
0.204658 0
0.20452 0
0.204372 0
0.204236 0
0.204109 0
0.203962 0
0.203811 0
0.203661 0
0.203395 0
0.203249 0
0.202981 0
0.202537 0
0.202383 0
0.202223 0
0.202074 0
0.201803 0
0.201662 0
0.201373 0
0.201076 0
0.200936 0
0.200513 0
0.200078 0
0.199917 0
0.199626 0
0.199489 0
0.19934 0
0.199203 0
0.199054 0
0.198899 0
0.19875 0
0.198609 0
0.198458 0
0.198184 0
0.198029 0
0.197746 0
0.197607 0
0.197297 0
0.197001 0
0.196851 0
0.196714 0
0.196594 0
0.196457 0
0.196165 0
0.196019 0
0.195873 0
0.195728 0
0.195575 0
0.195443 0
0.195008 0
0.194715 0
0.194563 0
0.194266 0
0.193971 0
0.193679 0
0.193385 0
0.193244 0
0.193107 0
0.192969 0
0.192823 0
0.192539 0
0.192259 0
0.19212 0
0.191848 0
0.191697 0
0.191408 0
0.191258 0
0.190959 0
0.190811 0
0.190677 0
0.190529 0
0.190381 0
0.190234 0
0.190097 0
0.189965 0
0.189536 0
0.189395 0
0.189256 0
0.189112 0
0.18883 0
0.188686 0
0.188548 0
0.188261 0
0.187969 0
0.187558 0
0.187278 0
0.187135 0
0.186992 0
0.186841 0
0.186556 0
0.186401 0
0.18595 0
0.185659 0
0.185516 0
0.185369 0
0.185067 0
0.184914 0
0.184772 0
0.184481 0
0.184322 0
0.184017 0
0.183874 0
0.183574 0
0.183433 0
0.183278 0
0.183128 0
0.182976 0
0.18283 0
0.182562 0
0.182146 0
0.181854 0
0.181722 0
0.181576 0
0.181288 0
0.181141 0
0.180997 0
0.180696 0
0.180544 0
0.180258 0
0.180121 0
0.179972 0
0.179819 0
0.179675 0
0.179535 0
0.17925 0
0.178975 0
0.178674 0
0.178383 0
0.178239 0
0.17794 0
0.177788 0
0.17749 0
0.177031 0
0.176726 0
0.176573 0
0.176427 0
0.176139 0
0.175987 0
0.175832 0
0.175676 0
0.175526 0
0.175377 0
0.175227 0
0.175073 0
0.174927 0
0.174776 0
0.174482 0
0.174218 0
0.173911 0
0.173755 0
0.173614 0
0.17347 0
0.173311 0
0.17305 0
0.172745 0
0.172593 0
0.172452 0
0.172326 0
0.172027 0
0.171731 0
0.171578 0
0.171437 0
0.171291 0
0.171001 0
0.170882 0
0.170603 0
0.170447 0
0.17029 0
0.169999 0
0.169696 0
0.169535 0
0.169236 0
0.169087 0
0.168956 0
0.168805 0
0.168658 0
0.168365 0
0.168221 0
0.167936 0
0.167796 0
0.167662 0
0.167527 0
0.167394 0
0.167252 0
0.166811 0
0.166661 0
0.166528 0
0.166371 0
0.166091 0
0.165945 0
0.165641 0
0.165349 0
0.165204 0
0.165057 0
0.164902 0
0.164317 0
0.164182 0
0.163874 0
0.163737 0
0.163443 0
0.163304 0
0.163007 0
0.162738 0
0.162593 0
0.16231 0
0.161891 0
0.161754 0
0.161607 0
0.161161 0
0.160722 0
0.160591 0
0.160441 0
0.160292 0
0.160152 0
0.159872 0
0.159737 0
0.159293 0
0.159141 0
0.158989 0
0.158245 0
0.158095 0
0.157933 0
0.157797 0
0.157656 0
0.157527 0
0.157377 0
0.157221 0
0.156947 0
0.156364 0
0.156211 0
0.156054 0
0.155783 0
0.155494 0
0.155341 0
0.155204 0
0.155051 0
0.154908 0
0.15421 0
0.154059 0
0.153911 0
0.153454 0
0.153174 0
0.152893 0
0.152606 0
0.152306 0
0.152006 0
0.151705 0
0.151545 0
0.150809 0
0.150662 0
0.150519 0
0.150371 0
0.150231 0
0.150083 0
0.149822 0
0.149674 0
0.149217 0
0.149083 0
0.148932 0
0.148486 0
0.148318 0
0.148173 0
0.148027 0
0.147737 0
0.147593 0
0.147437 0
0.147143 0
0.146849 0
0.146701 0
0.14655 0
0.146256 0
0.145973 0
0.145833 0
0.145691 0
0.145537 0
0.14523 0
0.145088 0
0.144939 0
0.144208 0
0.143774 0
0.143624 0
0.143478 0
0.143345 0
0.143037 0
0.142908 0
0.142472 0
0.142317 0
0.141877 0
0.141413 0
0.141268 0
0.140966 0
0.140672 0
0.140379 0
0.140223 0
0.140081 0
0.139791 0
0.139658 0
0.139513 0
0.139379 0
0.139241 0
0.13894 0
0.138505 0
0.138214 0
0.137916 0
0.137617 0
0.137312 0
0.137025 0
0.136872 0
0.136725 0
0.136588 0
0.136445 0
0.136001 0
0.135842 0
0.135551 0
0.135249 0
0.134827 0
0.13453 0
0.134101 0
0.13395 0
0.133508 0
0.133348 0
0.133204 0
0.132924 0
0.132631 0
0.132331 0
0.132049 0
0.131762 0
0.131615 0
0.131464 0
0.13101 0
0.130723 0
0.13058 0
0.130133 0
0.12985 0
0.129566 0
0.12942 0
0.129002 0
0.128719 0
0.128575 0
0.128135 0
0.127693 0
0.12728 0
0.127126 0
0.126694 0
0.126547 0
0.126405 0
0.126258 0
0.12612 0
0.125838 0
0.125402 0
0.12497 0
0.124417 0
0.12411 0
0.123815 0
0.12368 0
0.123537 0
0.123242 0
0.12309 0
0.122502 0
0.1222 0
0.122054 0
0.121894 0
0.121752 0
0.121599 0
0.121451 0
0.121301 0
0.120854 0
0.120694 0
0.120559 0
0.120399 0
0.120106 0
0.119805 0
0.11951 0
0.119362 0
0.119062 0
0.118909 0
0.118046 0
0.117894 0
0.11729 0
0.117145 0
0.116997 0
0.116398 0
0.116255 0
0.115837 0
0.115397 0
0.114989 0
0.114433 0
0.114136 0
0.113692 0
0.113262 0
0.112959 0
0.112813 0
0.112382 0
0.112075 0
0.111772 0
0.111185 0
0.110316 0
0.109872 0
0.109474 0
0.108895 0
0.108492 0
0.107929 0
0.107786 0
0.106952 0
0.106661 0
0.106208 0
0.105922 0
0.105474 0
0.104755 0
0.10416 0
0.104017 0
0.103866 0
0.103288 0
0.103137 0
0.102714 0
0.102558 0
0.102408 0
0.101686 0
0.101244 0
0.100651 0
0.100085 0
0.0996504 0
0.0992135 0
0.0990657 0
0.098226 0
0.0979426 0
0.0976739 0
0.0973813 0
0.0967863 0
0.0962204 0
0.0957598 0
0.0953204 0
0.0948902 0
0.0944683 0
0.0941691 0
0.0938824 0
0.0933129 0
0.0931693 0
0.0930098 0
0.0927343 0
0.0920216 0
0.0917082 0
0.0915533 0
0.0912582 0
0.0905076 0
0.0900766 0
0.0898038 0
0.0893753 0
0.0881983 0
0.0877681 0
0.0874823 0
0.0872109 0
0.0867688 0
0.0863463 0
0.0860681 0
0.0854693 0
0.0850391 0
0.0845923 0
0.0837253 0
0.0835841 0
0.0831394 0
0.0829997 0
0.0825562 0
0.0819481 0
0.0813512 0
0.0803589 0
0.0796227 0
0.0789049 0
0.078456 0
0.0783108 0
0.0775906 0
0.0771443 0
0.0768377 0
0.0765398 0
0.0763865 0
0.0760901 0
0.0749025 0
0.0744609 0
0.0740186 0
0.0734416 0
0.0731595 0
0.0722917 0
0.0720025 0
0.0710105 0
0.0701452 0
0.0698565 0
0.0697134 0
0.0690075 0
0.0685512 0
0.0682398 0
0.0673641 0
0.0667851 0
0.0662031 0
0.0660424 0
0.0654593 0
0.0645994 0
0.063447 0
0.0628681 0
0.0619748 0
0.0615364 0
0.0609163 0
0.0603443 0
0.0596004 0
0.0590161 0
0.0588683 0
0.0584262 0
0.0571596 0
0.0565854 0
0.0558333 0
0.0552585 0
0.0544203 0
0.0535242 0
0.0525202 0
0.0522337 0
0.0515181 0
0.0503692 0
0.0489424 0
0.0480554 0
0.0464566 0
0.0457285 0
0.0441271 0
0.0431294 0
0.0426757 0
0.0416678 0
0.0407806 0
0.0399146 0
0.0390506 0
0.0377734 0
0.0364687 0
0.0354707 0
0.0346097 0
0.0326131 0
0.0318858 0
0.0304534 0
0.0292756 0
0.0272359 0
0.0259236 0
0.024199 0
0.0222434 0
0.0203347 0
0.0188876 0
0.017415 0
0.0153721 0
0.0122582 0
0.00834958 0
0.00318629 0
